19790101
0
0
0
1.4694192
0.956154017
0
1.376724031
0.087547313
11.92703281
21.34952883
3.438375386
0.003433226
0.006866453
0.14934546
0.133895894
10.77690321
1.603317024
5.167013587
13.35353669
1.40419062
13.73891688
67.2019956
4.04262396
1.64623284
0
0.003433226
0.010299679
0.078964236
0.041198702
0.164795155
0.245475734
0.10643009
3.604890564
7.11451044
0
0
15.07358448
2.744006839
34.04473846
4.428861408
8.928967464
5.335236
0.130462639
0
0
0
0.058364849
0.006866453
0
0.00686646
1.811027693
0
0.00686646
0.351047844
0
0
0
0
0
0
0
3.364564104
0
0
0
0.484084872
8.615680164
9.78983964
1.146698021
0.233459546
0.631713982
0.45318618
10.32028279
4.514695466
0
0
0
0.21800988
2.564620308
1.021384584
0.020599366
0
2.025603504
2.78778024
11.64894174
32.44743
0.223159572
0
0
0.020599373
0
0
0
0
0
0
0
0
0.178527996
0.271224842
0
1.5758514
0.8771895
0
0
0
0
0
0
0
0.346755751
2.482223256
10.01815304
0
1.211929092
0
0
0
0
0
0
0
5.681995992
1.13639796
0
0
0.401687546
1.01966868
0.230026032
0.449752874
0.044631972
0.006866453
0
0.161361648
0
0
0
0
0
0.017166132
11.63520407
0.154495289
0
0
0
0
0
0.00686646
0
0.048065198
12.36305358
3.70788516
0.415420524
0.865173629
1.017951998
8.675767706
0
0.200843712
0.571632624
0
0
0
0
0
0
0
0
0
0
0
0
0
0
0
0
0
0
0
0
0
0
0
0
0
0
0
0
0
0
0
0
0
0
0
0
0
0
0
0
0
0
0
0
0
0
0
0
0
0
0
0
0
0
0
0
0
0
0
0
0
0
0
0
0
0
0
0
0
0
0
0
0
0
0
0
0
0
0
0
0
0.010299679
0
0
0
0
0
0
0
0
0
0
0
0
0
0
0
0
0
0
0
0
0
0
0
0
0
0
0.048065198
0.185394254
0.997352676
0.298690632
0.068664528
0
0
0
0
0
0
0.013732913
0
0
0
0
0
0
0
0
0.017166132
0.051498432
0
0
0
0
0
3.254696489
0.600814548
15.56282484
0.662613055
2.6573184
0.889206444
6.001284413
0
0
0
0
0
2.126886026
1.54838592
0
0
0
0
0
0
0
0
0.003433226
0.269508485
0
0.566482666
0.4634856
0
0
0
0
0
0
0
0
0
0
2.25734544
11.27986697
7.12222596
2.51483904
0
0
0
0.6299964
30.88016447
5.421070274
17.03051834
0.006866453
0
1.19991312
0.671197536
2.473639308
0.16994484
18.90935892
0.679778885
0.006866453
0
5.832195293
25.51832226
0.010299679
0
0
0
2.101996706
37.58183168
2.181815748
1.447105284
11.40174984
1.048851
0
0
0
0
0
8.9469936
17.72575398
2.169800453
0
0
0
0
1.289177028
4.0615092
5.232239676
6.663894458
25.9414646
0.082397491
0.490951519
0.010299672
0.391387982
0.88920635
15.45982517
12.52613819
2.276229852
0.281524817
0.003433226
0.336456475
0
0
0
0
0
0
0
1.505470032
6.195263342
2.263354956
0.03776549
0
14.46418575
9.68857416
26.43843204
1.57585158
0.049781808
0.669479558
26.60239539
0.120162953
0.662613192
9.95121288
0.46863576
0.61283142
0
0.096130382
0.140762268
12.77675352
31.748769
10.79149572
0.30212406
3.113937036
0.937271412
13.17672349
5.561828719
12.77675656
0.195693912
0
0
0
0
0
0
0
0
0
0.118446365
11.09189667
0
0
6.723978588
5.83477488
2.271082514
5.082891134
0.290108196
0
0
1.641082464
4.257200426
0
8.426859732
28.0614852
12.09268814
0.003433226
0
6.70166154
5.009077476
0.645446772
0
0
0
27.0607185
1.514053253
0
0.181961244
0
0
0
0.00686646
0.00686646
0
0
0
0.068664542
0
0.024032606
0.295257715
0
0.00686646
0
0
0
6.444170539
0.027465811
0
0
0.19741045
1.541520086
5.393599236
0
0
0
0
0
0
0
0
0.32959008
0
0
0
0
0
0
0
0
0.024032606
0
0
0
0
0
0
0
0
0
0
0
0
0
0
0
0
0
0
0
0
0
0
0
0
0
0
0
0
0
0
0
0
0
0
0
0
0
0
0
0
0
0
0
0
0
0
0
0
0
0
0
0
0
0
0
0
0
0
0
0
0
0
0
0
0
0
0
0
0
0
0
0
0
0
0
0
0
0
0
0
0
0
0
0
0
0
0
0
0
0
0
0
0
0
0
0
0
0
0
0
0
0
0
0
0
0
0
0
0
0
0
0
0
0
0
0
0
0
0
0
0
0
0
0
0
0
0
0
0
0.43945331
0.779342753
0.075531024
0.061798097
0
0
0
0
0
0
0
0
0
0
0
0
0
0
0
0
0
0
0
0
2.9371257
0
0.020599358
0.0343323
0
0
0
0.863457386
1.00936877
0
0
0
0
1.605035268
23.89354531
0.540733536
45.158094
9.345244406
0
0
0
0
0
0.037765505
0
0
0.872038404
4.935264804
0.438594768
1.032543569
0.006866453
0
0
0
8.062930562
15.2915976
0.49953528
0
0
0
0
0
0
0
0
0.003433226
0.0343323
0
20.84140584
4.753304834
0
1.062584438
0.31585698
0.02059938
4.56962274
13.97495628
1.46942118
0
0
0
0
0
1.764680832
0.817108452
1.788712999
19.62262181
0.116729748
6.258771619
30.91278528
0
0.3295899
26.21613474
0.061798075
0.781059708
0
0
0.03776549
0.0343323
2.006720244
34.11598176
0.571632437
7.800293765
0
0
0.082397448
6.164363232
23.249817
4.05807624
1.033400966
35.63347183
0.116729762
0.240326078
5.664827232
2.568058733
0.017166132
0.03089903
0.065231316
0
0
0
0.089263915
5.948068586
0.04806517
0
0.027465818
1.029967956
0
7.74192528
22.44987
0
0
0
0
0.003433226
0.147628786
1.647949104
10.14175294
2.01187152
0.044631943
4.967881884
7.33851954
0.02059938
0
11.25583767
7.731628344
12.47978149
0.305557344
1.445390366
3.694150346
2.169801785
6.291390211
0
0
0
0
0.010299679
0
0
2.457335426
12.9072114
0.030899045
0
0
0
0
0
0
0.149345532
25.240243
1.320075706
0.003433226
4.355903844
0.003433226
38.41953711
18.7660247
3.278731536
0
0
0.089263886
0.97503678
0.0789642
0
0
0
0
0
0
0
0
7.020948564
0.21286008
0.00686646
0
0
8.84399292
1.04026842
0
0
0
0
0
0.140762383
1.472854572
0.375938208
0
0
0.106430054
0.192260844
0.683211636
0.329589886
0.006866453
0
1.986122549
5.635644365
0.058364892
0
0
0.030899038
0
0
0
0
0
0.6008148
0.587081808
0
0.147629196
0.168228324
0
0
6.075094716
0
1.11408269
0
0.02403257
0
0
0
0
0
0
0
0.130462646
0.04806522
0
0
0
0
0
0
0
0
0
0
0
1.82819574
0
0
0
0
0
0
0
0
0
0
0.178527866
0
0
0
0
0
0
0
0
0
0
0
0
0
0
0
0
0
0
0
0
0
0
0
0
0
0
0
0
0
0
0
0
0
0
0
0
0
0
0
0.010299679
0
0
0
0
0
0
0
0
0
0
0
0
0
0
0
0
0
0
0
0
0
0
0
0
0
0
0
0
0
0
0
0
0
0
0
0
0
0
0
0
0
0
0
0
0
0
0
0
0
0
0
0
0
0
0
0
0
0
0
0.188827668
1.393890012
1.383590664
4.643435606
0
0
3.3353829
11.2712863
5.482869624
0.54931644
0
2.08740276
0
0
0
0
0
0
0
0
0.089263922
0
0.010299679
0.276374916
0
1.170730145
0.710678088
2.69508132
3.889849658
2.229879701
3.852085392
6.114586644
0
0
0
0.034332242
0.0343323
0
0
0
0
0
0
0
0.075531024
0
0
0
0
0
0
0
0.044631986
5.14984428
0.127029492
8.16764652
1.4865858
0
0
0
0
0
0
0
0
0
0
0
0.051498403
0.003433226
0.484085016
0
0
3.615192
0
0.013732906
0
0
0.15106194
18.4124034
2.528573508
34.7528448
1.517487545
0.041198724
0.185394305
0.370788782
0.902938752
0.350189388
6.79436136
0
0
0
4.983326359
37.52519508
2.571486746
0.123596172
0.672912216
0.127029406
0
0.226593086
0.161361655
0.089263958
6.626127809
24.8840406
8.710097594
0.367355736
0
0.003433226
0
0.230026414
1.723481784
0
2.804945112
5.719754016
11.92359908
55.70066043
0.157928551
0
0.640296518
1.235962296
0.272941812
0
24.83939686
2.75344794
0
0
5.918883876
2.775765672
0
0
0.034332264
26.834967
4.549024332
10.38207658
17.88367849
0.075530966
0
0
9.940910882
12.24632926
0
7.129099418
7.601164056
0.22316009
0
0
0
4.935267288
10.04905584
6.154062264
0
0
8.536720716
14.60666524
0.006866453
0.006866453
0.41456219
13.33208329
0
0.132179306
2.782631621
0
0
3.407476226
21.8954052
0.037765505
0.161361734
0
0.099563623
0.1579284
10.34774928
11.7073008
3.361989146
0.858307406
0.041198738
3.3353802
0
0
0
0.336456259
0
0
0.2883915
3.98597292
17.16614631
6.469910906
0
0
0
0.42228725
0.31242384
3.58428924
20.94096888
8.992482026
12.4282902
1.72863005
4.0409082
0
0
0
0.597382063
0.051498396
0
1.903725
11.53392865
0.024032599
0
0
0
0.037765526
3.1276719
36.35100198
55.24062372
4.9026501
10.78033572
0
0
0
0
0
0
0.30899052
0.300406982
0
0
0
3.64608936
0.690078593
0.662612753
0
0.319290372
0.01373292
0
0.113296392
0.803375136
0
0
0
0.010299679
0.02059938
0
0
0
0
0.003433226
0.003433226
0
0
0
0
0
0
0
0
0
0
0
0
0
0
0
0
0
0
0
0
0
0
0
0
0
0
0
0
0
0
0
0
0
0
0
0
0
0
0
0
0
0
0
0
0
0
0
0
0
0
0
0
0
0
0
0
0
0
0
0
0
0
0
0
0
0
0
0
0
0
0
0
0
0
0
0
0
0
0
0
0
0
0
0
0
0
0
0
0
0
0
0
0
0
0.051498396
0
0
0
0
0
0
0
0
0
0
0
0
0
0
0
0.017166139
0.03776549
0
1.556110584
3.59630784
0.60939828
0
5.91373476
4.36362971
3.702735288
0.139045601
2.578356072
7.577134272
0
0
0
0
0
0
0
0
0
0
0.496101326
0.38108826
0.787927068
1.433372371
1.46513088
8.059500432
1.137256848
0.623130602
4.9421295
4.902650251
0.772475796
0
3.132818906
5.07259409
0.024032606
0
0
0
0
0
0.0343323
10.40954525
8.830258848
0.109863288
0
0.83770771
0
0
0
0
0
0
0
0
1.623916447
2.358625946
30.56949979
1.26342684
0
0.06179796
2.775766219
0.274657932
0
0
0
0
0.097846826
15.97653252
7.024383914
1.641082608
0
0
0
0
0
0.24719256
22.05247968
0.50125104
0
0.006866453
0
0
0
0
25.47539739
1.45053864
0
0
0
4.570485026
9.21478068
4.487226206
17.2227852
0
2.526855624
2.7912096
0
0
0.046348574
2.13203484
0
3.958511652
5.886267912
0.205993627
0
3.635788572
1.713180708
6.102560066
11.05842347
0.013732906
0.046348574
1.627349702
17.18674092
0.604248271
0
0
22.73826744
9.95978772
3.97567692
0.957870756
0.322723238
1.067733252
0.406837865
0.130462661
0.024032592
0
0
3.398894712
10.09369312
0
0
0.830841055
0
0
0
0
0
0
2.872751954
5.132676629
4.631423918
26.26418484
4.646019276
5.642509889
1.675414526
1.611900936
0
0
0
0
1.28231046
0.1871109
0.50983416
0
0
0
0
3.769682537
3.937909154
0.514984284
0
0
0
0
0
0
0
13.82560799
28.5112368
29.52061441
0.065231323
0
0.147628944
3.99627684
1.744079486
2.815246505
0
0
0
0
0
0
6.46476768
9.592437384
0
0
0.587082024
4.31213328
1.232528306
0.80337528
0.44288622
1.572417842
10.7803355
0.010299686
0.137329092
2.732850144
1.848793104
0
0
0
0.034332264
3.31650121
0.312423984
0
1.754379144
2.557752372
28.15933032
5.191040261
0.044631972
2.56805928
2.22130062
0
0
0
1.943207424
16.39709719
0.106430162
0.473785452
5.963512824
6.12831366
0.31242384
1.17759708
0
0
0.920106
10.93310532
3.73878324
1.074600324
2.88734688
3.464127504
2.660751648
0.6591798
1.541517264
0.64887984
0.219726518
0.32272326
1.769829113
1.524353472
0
0
0
0.55618259
0
0
0
0.0343323
0
0.223159896
1.4728536
0
0
0
0
0
0
0
0
0
0
0
0
0
0
0
0
0
0
0
0
0
0
0
0
0
0
0
0
0
0
0
0
0
0
0
0
0
0
0
0
0
0
0
0
0
0
0
0
0
0
0
0
0
0
0
0
0
0
0
0
0
0
0
0
0
0
0
0
0
0
0
0
0
0
0
0
0
0
0
0
0
0
0
0
0
0
0
0
0
0
0
0
0
0
0
0
0
0
0
0
0
0
0
0
0
0
0
0
0
0
0
0
0
0
0
0
0
0
0
0
0
0
0
0
0
0
0
0.045490277
0
0.136470737
9.16156602
3.488157626
3.707028475
0.070381166
0
0
0
0
0
0
2.86674498
6.172083324
0
0
0.072097754
0.00686646
7.209776218
5.633926013
19.08187596
1.833345569
0
4.277804832
0.006866453
0
0.212860296
15.89928138
0
2.439308124
23.977661
8.35304796
31.3693992
2.49252228
0
0.645447096
0
13.98010203
5.180735059
0.363922222
3.575706192
0
0
0
0
0
0
13.85307235
12.25319364
0.099563616
0.25405889
0.04119876
0
0
0.010299679
0
0
0.010299679
0
0.010299686
0.75359327
0
0.089264009
0
0
0.954436457
1.824760166
0
20.85171047
0.39482118
0.065231352
10.27565352
0
0.013732898
0.051498403
0
0
0
0
0.492668064
0.884056565
2.786063796
0.096130346
0
0
0.302123837
0.700378596
0.010299672
0.075531053
0
20.51694979
6.08711549
0.106430054
0
0
1.057434134
9.444808476
1.115799408
0
0
0
0
0
0
0.01373292
10.76316926
9.925456752
0
0
0.175094748
0
0
0
0
0.030899045
0
0.006866453
0.648880186
0.621414367
1.07631684
0.617981148
0
0.05149841
0.690078672
0
0.765609473
9.49630572
19.7170182
11.35025053
0.87890598
0.23689278
0.621413604
0
0
2.774047464
0
5.75409042
25.845336
32.514372
12.11757264
0
0
0
0.030899038
0
0
0
0
2.094269004
0.199127088
0
0.10299672
4.174805988
0
0
0
0
0
0.192260462
3.131102052
0.04463195
0
0.048065191
1.119232728
15.8683748
41.96779736
56.32551324
4.936985604
0
0
0
0.178527866
0
0
0
0
0.640296828
19.1179292
9.091186531
3.723332119
0
0.020599366
11.64378611
1.848793442
0.013732906
0
0
0
0
0
0.010299679
0
0.037765512
0
0
0
0
0
0
0.202560516
0.981903168
0.40168728
0
0.06694794
0
0
0
0
0
0
0
0
0
0
0
0
0
0
0
0
0
0
0
0
0
0
0
0
0
0
0
0
0
0
0
0
0
0
0
0
0
0
0
0
0
0
0
0
0
0
0
0
0
0
0
0
0
0
0
0
0
0
0
0
0
0
0
0
0
0
0
0
0
0
0
0
0
0
0
0
0
0
0
0
0
0
0
0
0
0
0
0
0
0
0
0
0
0
0
0
0
0
0
0
0.003433226
0.006866453
0
0
0
0
0
0
0
0
0
0
0
0
0
0
0
0
0.003433226
0
0
0
0
0
0
0
0
0
0
0.010299679
0
0
0
0.187111044
0
0
0
0
0.539874
5.43308508
18.07422617
22.638708
0
0
0
0
0
0
0
0
0
0
0.017166132
3.989410344
4.446027893
4.378219402
0.559616306
4.66403778
1.49517108
0
0
0
0.95271997
0.291824647
17.00479735
48.01881438
0.32100665
5.61847788
28.75328867
0.23689296
2.55174552
11.10649788
6.0012864
0
0
1.71318258
0
17.18501677
51.8228568
0.480651782
0
0
10.15291422
17.32578804
0.4755024
0.65746296
25.57239833
0.157928465
0.489235154
13.86165652
0
0
0
0
0.054931644
0
7.002068306
7.45697304
0
0.003433226
0.010299679
0.027465811
0
0.006866453
0
0
0.041198731
27.61517333
1.590442812
5.137824866
0.073814386
0.490951548
0.044631965
0
0
4.387662346
28.68461604
0
0
0
0
0
0
0
0.020599358
0.331306279
24.70378943
2.859877814
5.695728084
0.487518228
0.085830667
0
0.422286444
2.298546446
0.168228209
0.801658944
0.308990477
0.28152455
0
0
0
0
0.216293306
8.919525852
2.68135074
0.422287092
29.77809802
2.736284004
2.461624229
0.034332264
1.153563977
8.574485076
0
0
0
0
0
0
0
0
0.0892638
13.19561532
4.10442534
15.9782382
0
0
0.132179256
0.157928443
0
0
2.659035082
10.86873786
8.644007506
0
0
0
0
0
0
0.71411207
5.160141864
0
0
0
0
0
0
0.102996828
0
0
0.64544652
6.18839316
20.94612642
27.5963004
2.30713079
0.61454772
4.60052586
11.08932242
1.28746026
0
0
0
4.10613786
2.19383622
0
0
9.815598626
2.712247862
0
0.05493168
1.713180924
0.133895858
0
0
0
0
0
0
0
0
0
0
0
0
0.42228648
2.907944762
3.313062641
9.57527802
0.04119876
0.034332286
0.013732906
0.089263872
0
2.238463735
0
0.13732902
0.415420898
3.112219382
0
0
0.14076216
0.34847244
0
0
0
0
1.7818434
1.05915096
0.006866453
0.993919306
0.526142412
1.02138552
0
0.06694794
1.054000922
0
0.06866455
0
0
0
0.02746584
0
0
0
0
0
0
0
0
0
0
0
0
0
0
0
0
0
0
0
0
0
0
0
0
0
0
0
0
0
0
0
0
0
0
0
0
0
0
0
0
0
0
0
0
0
0
0
0
0
0
0
0
0
0
0
0
0
0
0
0
0
0
0
0
0
0
0
0
0
0
0
0
0
0
0
0
0
0.13389593
0
0
0
0
0
0
0
0
0
0
0
0
0
0
0
0
0
0
0
0
0
0
0
0
0
0
0
0
0
0
0
0
0
0
0
0
0
0
0
0
0
0
0
0
0
0
0
0
0
0
0
0
0
0
0
0
0
0
0
0
0
0
0
0
0
0
0
0
0
0
0
0
0
0
0
0
0
0
0
0
0.51841692
1.208496046
0
6.598662624
13.04283492
0
0
0
0
10.06965572
18.84327786
10.33401609
6.217574832
0
0
0
0
0
0
0
0
0.020599373
0
0.906372554
5.512046832
10.39752864
0.044631972
0
0
0
22.40181081
8.48007
4.62455784
0.175094618
0
0
0
0
0
0
0
0
0
0
2.863311718
0.796509086
2.035903226
43.88351004
12.5501675
14.31655787
0.099563573
0.3004074
1.920890052
0.50468472
0
0
0.017166139
0.030899045
6.8012244
0.55961604
0
0
0
0.006866453
0
0
0
0.511550424
0
0
0
0
0.006866453
0.563048582
0
0.144195552
0.048065191
0
0
12.22057116
0.896072933
0
0.123596237
0.844573716
0
0.02059938
9.21135191
0
0.024032606
0.034332271
14.06936862
0.648880373
9.05857794
0.068664528
0.003433226
12.97073087
11.58027372
43.77709548
2.933693863
0
14.0830973
9.118656072
0.010299679
0.54245052
0
4.421998771
29.4776892
0.271224792
0
9.520334273
0
0
0
0
0.024032599
0.405120564
19.25353994
1.877976036
0
0
0
0
0
0
5.588435196
10.73227454
3.010940006
3.489872285
0.195693984
6.706808093
9.219935066
4.140472651
0
2.197266314
9.59072076
1.682281742
0
1.5895854
2.340603936
1.441956528
0.664329679
0
5.936047884
0
10.03188627
8.36849376
0
0
0
0.006866453
0.006866453
0
1.043700984
0.072097776
0
0.06179814
0
0.00686646
0.854873676
7.3814373
21.63963348
21.25167192
0.528716772
1.00250244
0.006866453
0.017166139
18.26134733
3.882980736
0
0.106430054
0.01373292
0
0
4.078674792
0
1.235961936
0
0.236892859
1.469421173
1.39732331
0.010299679
0
3.495024151
22.26104395
12.86430453
0.024032599
0
0.006866453
0.30899047
0.70037856
0.642013574
0
0
0
0
0
0
0
0
0
0.017166146
0.755309988
2.047922885
0
0
0
0.41198688
0
0
0.030899066
0
0
0
0
0
0
0
0
0
0.068664542
0
0
0
0
0
0
0
0
0
0
0
0
0
0
0
0
0
0
0
0
0
0
0
0
0
0
0
0
0
0
0
0
0
0
0
0
0
0
0
0
0
0
0
0
0
0
0
0
0
0
0
0
0
0
0
0
0
0
0
0
0
0
0
0
0
0
0
0
0
0
0
0
0
0
0
0
0
0
0
0
0
0
0
0
0
0
0
0
0
0
0
0
0
0
0
0
0
0
0
0
0
0
0
0
0
0
0
0
0
0
0
0
0.006866453
0.133895743
3.55339386
0.858306672
1.023101453
0.147628721
0.539015026
1.63078416
0.539016322
0.411987348
0.286674761
0.130462733
0
0.034332286
0
0
0
0
0
1.57241772
4.11300612
2.949142572
0.576781913
1.82647638
0
0
0
0
0
0
0.199127232
0
0
0.05493168
20.37105043
26.0796492
0
0
0.78964236
7.24840632
4.058933306
2.802373099
0
0
0
0
0
0
18.54457427
0.874615262
0.26607528
0.061798104
0
9.098049463
0.202560732
0
0
0
0
1.922607
64.89741924
15.62975964
1.96552332
8.035467048
0.077247605
0
0
0
0.05149841
0.020599373
0.616264322
0.037765512
0
0
0
0.044631943
0
0
0
2.01273012
3.979111284
30.49049743
0.024032599
0
0
0
0
0.202560437
0
0
1.362990996
2.341461132
0
0
0.823974566
0
0
0
0
0
0
0
0
0
0
0.003433226
0.024032599
0.11672964
2.51655552
0.813674959
3.64952142
0.054931644
0
0
0
0
0
0
0
5.472566186
3.588582132
0.168228158
0
6.68449602
33.92541
5.407334352
0
0
0
0
0.006866453
0.181961172
2.49681528
1.61705021
0
1.889991626
0
0
0
0.048065198
1.630783044
1.229095692
4.53872898
1.05314238
4.420279613
14.73713316
28.58504616
39.21603876
0.413704224
0.010299679
0
2.923392852
9.38386692
0.612830736
2.223876355
0.436020552
15.36712524
8.438870542
6.724828692
0.061798068
7.070727938
0.003433226
9.43965684
0
0
0
0
0
18.01414367
19.12307904
26.8220916
0.152778636
0.056648261
1.344966804
0
0
0
2.149199978
3.527638992
2.72598552
0
0
0
0
0.00686646
0.211143578
0.006866453
0
0.006866453
0.013732906
0.370788336
12.2240052
3.194619624
8.96930496
0
0
0
0
0
0.942420924
0
0
0
0
0.29697444
1.72433916
1.201629643
0.216293054
0.21286026
8.42514408
0
0
0
0
0.39825414
1.39217472
3.02124096
0
0
0
0
0
0.429153192
1.246261442
1.136398752
0.113296507
0
0.738144
3.03497244
1.44195606
0
0
0
0.01373292
0
0
0
0
0
0
0
0
0
0
0
0
0
0
0
0
0
0
0
0.058364899
0.034332293
0
0
0
0
0
0
0
0
0
0
0
0
0
0
0
0
0
0
0
0
0
0
0
0
0
0
0
0
0
0
0
0
0
0
0
0
0
0.132179328
0.68321219
0
0
0
0
0
0
0
0
0
0
0
0.070381152
0
0
0
0
0
0
0
0
0
0
0
0
0
0
0
0
0
0
0
0
0
0
0
0
0
0
0
0
0
0
0
0
0
0
0
0
0
0
0
0
0
0.010299686
0
0
0
0
0
0
0.054931644
0
0
0
0
0
0
0
0.193977425
2.683069308
1.06258518
4.06150164
0
0
0
0
3.002357138
3.053858306
0
0
0.041198746
3.25898964
6.128313948
8.214856596
0
4.20913571
20.12557212
5.973815592
19.3719888
4.56790932
0.041198738
0
2.33631216
13.6513818
8.11443312
0
0.89263908
13.53721896
0.04119876
0.2059938
4.090691419
35.8566624
0
0
0
0
0
0
0.132179126
0.236892852
0
0
0
0
0
0
0.013732906
0
0
0
0
0
0
0
0
0
0
0.501252206
14.47105572
16.97216326
31.9582008
3.186037692
0
0.024032606
0
0
0
15.8168806
0.968169924
0
0
0
0
1.711465322
25.7148684
0.305557704
6.40983618
32.68089
4.264065943
0.0343323
0.013732906
0.322723116
0.010299679
0
0.027465833
0
0.235175868
0
0
0.128745965
12.56989496
8.256916548
2.753448696
3.052996488
0
0
0
5.524065626
4.679493084
0
3.596310266
4.7945052
5.554100952
13.31920505
7.18059276
0
0.013732906
0.013732906
2.84528677
0
0.027465811
1.922607605
0.013732906
0.060081466
8.68348692
0
0.520133882
0.163078358
11.23524036
4.305268253
0.054931658
0.061798111
0
1.043702172
8.36334072
13.5921528
0.214577158
0
0
0.657463032
1.860809162
0.003433226
16.76444976
14.625549
13.17157992
7.6766958
0
0
0
12.67547526
1.35612324
0.030899045
0
0
0.037765498
0.623130941
10.06278718
13.03768256
39.1628214
25.70799906
3.4950276
0
0.22659295
38.21181048
9.34180668
0.065231359
0
0.329589648
0
0.473785574
0
0
0
7.038116546
0.199127225
0.096130368
3.74221998
0.65403018
1.536368976
0
0
0
0
0
0
0.003433226
0.230026392
0
0
0
0
0
0
0
0
0
0.02059938
0.14419579
0.913238712
5.386735008
10.2859504
0
0
0.108146822
0
2.267646624
0.266075122
0.14076216
2.338027992
0
0
11.19746169
29.94977664
3.655528783
0.017166139
0.444603182
0.236892542
0.79822512
1.07460036
0.6111144
0
0
0
0
0
0
0
0
0
0
0
0
0
0
0
0.60768144
0
0
0
0
0
0
0
0
0
0
0.10986336
0.278091266
0
0
0
0
0
0
0
0
0
0
0
0
0
0
0
0
0
0
0
0
0
0
0
0
0
0
0
0
0
0
0
0
0
0
0
0
0
0
0
0
0
0
0
0
0
0
0
0
0
0
0
0
0.322723332
0
0
0
0
0
0
0
0
0
0
0
0
0
0
0
0
0
0
0
0
0
0
0
0
0
0
0
0
0
0
0
0
0
0
0
0
0
0
0
0
0.051498425
0
0
0
0
0
0
0
0
0
0
0
0
0
0
0
0
0
0
0
0
0
0
0
0
0
0
0
0
0
0
0
0.006866453
0
0
0
0
0
0
0
0
0.027465811
16.4623243
30.05018784
6.32915676
0.342464666
0.048065198
0.003433226
0.65059668
0
0
1.25656092
0
0
0
0
0
0
0.185394276
0
0
0.104713416
0
0
0
0
0.396538229
0.971602999
1.956940452
3.034972814
0.209426846
1.119232512
0.66261312
0
0
0
0
0
9.17100563
0.181960942
0
0
0
0
0
0
4.744719144
0.013732906
0
0.003433226
0.192260686
0.003433226
0.013732906
0
0
0
0
0
0
0
0
1.96380666
0.046348466
1.518343229
5.238250128
8.896347504
32.77530612
0.09613039
1.739788308
0.853157484
0
0.248908968
0
0.030899045
46.91338164
7.08789276
19.40632092
0.894356309
0
0
0
0
8.710096104
0.897788808
2.42385768
0
0
0.05836482
0.024032585
0
0.058364834
18.97545186
12.95013238
0.20599367
4.121598132
0
7.55310294
2.156066266
0
0
0.017166132
0
8.323862112
17.95234946
0.051498396
0
0
1.290893897
1.227378204
3.05214372
0.096130404
0
0
1.023101179
0.072097805
0
0
0
0
0
0
9.6370713
4.597088328
8.349609672
16.6683204
0.532150243
0
0
0.013732906
9.156414809
5.01594552
0
0.006866453
18.6698926
3.3611292
0
0
0
0.006866453
0
0.041198753
0
0.024032592
2.964589646
0
0
0.127029312
0.291824604
1.630782432
33.52545518
17.78412275
0
0
9.420776006
9.571839725
5.709458592
6.166076774
3.59802036
14.6392875
9.489439044
0.810241862
8.70666552
0
0
0
0.439453073
0.690078528
8.0577846
4.974743376
0.580215463
0
0
0
0
0
0.322723512
1.246261766
0
0
0.137328962
0
0
0
0
0
0
0
0
0
0
0
0.048065191
0.333023076
0.133895736
0
0.006866453
0
0.164794788
2.72598426
9.685137348
0.010299686
0
0
0
0.19741063
0.578499041
3.1517046
17.0854596
0
0
0.39138822
1.11923208
0.482368421
0
0
0
0
0
0
0
0
0
0
0
0
0
0
0
0
0
0
0
0
0
0
0
0
0
0
0
0
0
0
0
0
0
0
0
0
0
0
0
0
0
0
0
0
0
0
0
0
0
0
0
0
0
0
0
0
0
0
0
0
0
0
0
0
0
0
0
0
0
0
0
0
0
0
0
0
0
0
0
0
0
0
0
0
0
0
0
0
0
0
0
0
0
0
0
0
0
0
0
0
0
0
0
0
0
0
0
0
0
0
0
0
0
0
0
0
0
0
0
0
0
0
0
0
0
0
0
0
0
0
0
0
0
0
0
0
0
0
0
0
0
0
0
0
0
0
0
0
0
0
0
0
0
0
0
0
0
0
0
0
0.051498403
0.164794752
0
0
0
1.526069376
0.254058588
0
0
0.044631943
3.74908122
0
0
0
0
0
0
1.50547032
5.77812132
27.85036284
0.068664499
0.451470816
10.3580514
3.465844056
0
5.132675196
10.28251548
0
0
0
0
0.223159946
0
0
0
0
0.978469193
0.192260729
0.06008148
0.180244836
0
12.31412697
18.21842424
4.9472856
1.987836408
4.377366072
5.022808661
0
0
0
0.003433226
0.054931658
0.024890882
23.61974976
11.99913372
10.97259631
0.391387896
0.183677609
0
0.160503422
0.042915348
0.145912169
0.209426846
0.037765512
0
0
0
0
0.61454754
0
0
0.05836487
0.096130375
6.92825616
0.216293206
11.16313515
9.35382816
2.926826359
1.544952132
2.310560892
2.09598552
0
0.010299679
0
0
0
1.24454556
16.3104084
7.95993588
0.341606297
19.62776124
3.074454
0
0.041198724
0.084114137
2.343178764
17.5867106
0.003433226
0.054931658
2.99635033
7.565116968
6.04247526
0.030899045
0.181961064
7.884410717
14.6118168
4.155922476
0.308990282
0.020599358
0.030899045
0
1.921749019
16.50695699
26.71909686
7.848360482
0.010299679
0.068664499
0.061798075
13.71574233
0.123596165
0.068664521
0.058364856
2.322582732
0.010299686
0.052356737
0.05578992
0.070381166
0
0.115013102
0
0
0
0
2.585220026
0.212860116
0.024032599
0
0.075530988
0
0
0
0.848008332
22.18894956
0.209426832
8.066368656
12.88833414
0
0
0
2.49251981
0.617981162
0.017166132
0
0
0
0
0
0.054931673
2.485659204
1.356125364
0
0
0.034332264
4.147336044
24.0446043
5.949788018
0.151062019
0.041198746
0.449752968
1.005935292
0.875472998
0.03776549
1.373291352
0
0.034332264
1.050567624
0.569915597
0
0
0
0
0
0
0
0
0
0
0
0
0
0.04119876
1.823043614
0
0
0
0
0
0
0
0
0
0
0
0.92697143
8.201985458
1.05400098
0
0
0
0
0
0
0
0
0
0
0
0
0
0
0
0
0
0
0
0
0
0
0
0
0
0
0
0
0
0
0
0
0
0
0
0
0
0
0
0
0
0
0
0
0
0
0
0
0
0
0
0
0
0
0
0
0
0
0
0
0
0
0
0
0
0
0
0
0
0
0
0
0
0
0
0
0
0
0
0
0
0
0
0
0
0
0
0
0
0
0
0
0
0
0
0
0
0
0
0
0
0
0
0
0
0
0
0
0
0
0
0
0
0
0
0
0
0
0
0
0
0
0
0
0
0
0
0
0
0
0
0
0
0
0
0
0
0
0
0
0
0
0
0
0
0
0
0
0
0
0
0.02059938
0.04806522
0
0.12016278
0.041198738
0
0
0.010299686
0.363922258
2.73285072
0
0.497817756
6.464771453
5.118945408
0.5527494
2.28309665
6.842420568
1.292610348
0
0
0
0
0
0
0
0
0
0.259208726
0.010299679
1.550102213
12.5939358
2.19898152
0.22144302
0
0
0
0
0
0
0
0
0.006866453
0
0
0
0
4.366205186
0.42228684
0
0
0
0
0
0
0
0
0
0
11.52191336
0.10643009
0.003433226
0
0
0
0
0
0
0
0
0.024032606
0.281524752
1.023101446
0.448036186
10.27564488
11.85150006
0
0
0
0
0
2.178382478
5.381589312
27.19288512
1.7818452
0.017166146
0.196552238
0.051498389
0
0
0
0
0
0
1.908874274
39.78249075
0.051498396
0
0
4.54216194
13.18874391
0.073814378
3.208349484
0.102996821
1.031684724
3.24954905
9.182171988
3.14826881
2.186965706
0
0
0.997352928
7.11880056
5.591009714
0.024032606
3.15170262
1.108932192
0
2.67105204
2.94570774
0.048065184
0
0
0.058364856
0
0
0
0
0
14.90708029
0.302124024
0.041198738
10.73570489
1.795578048
0.058364906
0.054931601
0.099563594
7.060431326
19.11620988
9.33151914
9.764096306
0
1.249695086
0.006866453
0
19.86980247
42.03128304
4.62884963
0.036048881
3.453825377
9.6679692
0.020599358
0.05493163
8.67576672
0.557899106
2.998924654
0
0
0.006866453
8.002852322
0
0
0
3.730199508
20.11013712
31.00892839
5.087187562
1.96552296
0
0.030899052
1.397323994
1.10893248
0
0
9.211351226
20.69721468
0.096130346
0.636863544
0
0.18882756
13.02566328
4.219436844
0
0.02746584
0
0
0
0.27122508
2.767182156
5.771256761
0
0
0
0
0
0.08583071
0.1029969
0
0
0
0
0
0.693511812
0.384521364
0
0
0
0
0
0
0
0
0
0
0
0.326156299
0
6.924815244
1.69944948
0
0
0
0
0
0.06179814
0
0
0
0
0
0
0
0
0
0
0
0
0
0
0
0
0
0
0
0
0
0
0
0
0
0
0
0
0
0
0
0
0
0
0
0
0
0
0
0
0
0
0
0
0
0
0
0
0
0
0
0
0
0
0
0
0
0
0
0
0
0
0
0
0
0
0
0
0
0
0
0
0
0
0
0
0
0
0
0
0
0
0
0
0
0
0
0
0
0
0
0
0
0
0
0
0
0
0
0
0
0
0
0
0
0
0
0
0
0
0
0
0
0
0
0
0
0
0
0
0
0
0
0
0
0
0
0
0
0.013732913
0.569916396
0.796508532
2.97317579
4.600527516
0
0
0
0
0
1.39389048
3.069301298
1.12609764
0
5.833054044
3.38859612
10.04562389
0.154495202
0
1.045417356
1.095199639
0.044631972
0
0
0
0
0
0.140762218
0
0
0
0
0
0
0
13.98353628
0.97160328
0
0
0
0
0
0.288391104
0
0
13.39130485
0.854873496
0
0
0.024032599
0
0
0
0.051498396
0.051498396
0
0
0
0
0.436020134
0.554466348
9.571841143
4.272651979
8.227731074
1.735496849
10.14862554
0.485802
0.132179364
1.637649936
4.135322599
37.9663452
0
0.514984392
25.29259027
0.020599366
0.013732898
0
0
0
0
0
0
1.70717261
19.49729165
0
0.029182428
16.03146348
0.037765498
0
0.56648273
0
0
0.61283106
0.030899059
5.642509248
2.93970317
0.460052532
0
0.034332293
1.360416787
0.472069001
0
0
6.927400562
2.051351813
0
0.017166139
0.058364892
3.007506053
3.293325878
0.03776549
0.010299679
10.92109714
6.664754189
0.264358548
0.527000306
1.721763972
2.76975612
0.435161556
2.283954876
0
0
18.31970375
0.945854208
4.833989042
0.909805298
0.312423739
3.982547822
3.33023184
0.123596136
4.809949337
3.48129288
0.605964758
10.32371806
3.99627738
0.288390866
0.216293328
2.317428677
0
0
0.614546546
3.8984292
0
0.490951274
2.52685728
4.102709004
29.9909592
34.998327
7.041543624
10.4387206
9.79156908
6.018447398
0.106430083
0
0
0
0.027465826
1.547527478
2.493381938
0.902938867
1.72433898
3.979111212
0.017166132
0.037765505
0
1.654814765
13.95692748
30.9917412
5.094908705
1.532077474
5.97467232
0.926113262
0
6.67419498
9.86194404
11.89612973
0.448035984
0.527000378
0.003433226
0
0.013732906
0.52185029
8.765028706
5.4124848
0.04463195
0.006866453
0
0
0
0.305557308
0
0.00686646
0.01373292
0
0
0
8.26377804
36.30985524
0.030899059
0
1.323509436
1.65138246
0
0
8.201976026
1.829912335
0
27.36454338
6.444169272
22.00868697
26.40496558
0
0
0.240325956
3.084753125
0
0
0
0.394821014
7.68184704
0
7.24411152
0.662612904
0.205993548
0.33817284
2.08397088
1.179313236
0
0.070381152
0.006866453
8.871461532
4.42628964
0.171661572
0
0
2.657318616
0
0
0.0892638
1.39560732
0
0
0
0.056648261
0.142479216
2.513120947
9.092044973
0
1.896857964
0
0.00686646
3.258136116
0.339889493
0
0
0
0
0
0
0
0
0
0
0.175094762
0
0
0
0
0
0
0
0
0
0
0
0
0
0
0
0
0
0
0
0
0
0
0
0
0
0
0
0
0
0
0
0
0
0
0
0
0
0
0
0
0
0
0
0
0
0
0
0
0
0
0
0
0
0
0
0
0
0
0
0
0
0
0
0
0
0
0
0
0
0
0
0
0
0
0
0
0
0
0
0
0
0
0
0
0.177669684
0
0
0
0
0
0
0
0
0
0
0
0
0
0
0
0
0
0
0
0
0
0
0
0
0
0
0
0
0
0
0
0
0
0
0
0
0
0
0
0
0
0
0
0
0
0
0
0
0
0
0
0
0
0
0.24032574
2.81181312
22.47562447
4.827121236
0
14.50538298
2.005004412
1.36985814
9.6302052
0
0
0
0
0
0
0.01373292
0.38967138
0
2.015306748
5.833051488
0.03089903
0
0
0
0.350189482
0.003433226
7.338522204
18.8896068
4.64859072
2.732854349
6.0253146
0.59394857
14.93968518
7.989115565
0
0
0.199127484
2.185249046
7.65781632
12.38709312
13.98353814
7.264711584
0
0.013732906
0.010299672
12.6977866
0.686645381
0.017166132
0
5.77125648
3.105354852
0.003433226
0.054931651
1.297760342
1.445388854
0
0
0
0.08583071
1.122665299
2.434158864
15.23322792
44.0105382
23.39057794
0.144195552
0
0.075531024
3.27186648
0.623130703
0
0
2.05650342
2.17666656
0
0
0
0
0
0
0
0
0
0
0
0
0
0.003433226
3.563689572
27.7679484
11.12021784
0.017166132
1.948355762
2.467634126
0.193977338
0
0
2.149200626
6.45961896
0.57334896
1.7844201
4.61769156
0.125312688
0
0
0.072097754
0.219726641
12.32356572
21.5263368
0
0
0
0
0
0
0
0
0
2.66246622
0
9.34695684
0.909804974
7.98826266
26.87787979
0.034332278
0.084113978
0.336456554
3.513053556
0
0
0.058364899
1.9689561
1.551820478
8.347898772
0.866031638
0.003433226
6.428716934
0
0
0
0
0.15964511
0
0
0
0
0
3.36112866
3.898429826
0.154495152
0.041198724
0
0.956154974
13.38443712
20.0363148
2.707097832
0.003433226
6.84585252
0
0
0
0
0
0
0
0
0.32100696
3.3971796
0.02059938
0.051498396
0
16.11729216
37.21447693
0
4.246905931
8.37021096
1.902006
0.10299672
1.181030112
0
0
0.0343323
2.537154972
0
0
0
0.487518084
1.860810192
6.782340672
5.376431556
0.116729712
0
6.16264488
0.346756262
1.34239248
0
6.0321834
0
6.86302272
0.257492016
0.096130346
0.120162996
0.168228144
0
0
0
0
0
0
0
0
0
0
0
0
0
0
0
0
0
0
0
0
0
0
0
0
0
0
0
0
0
0
0
0
0
0
0
0
0
0
0
0
0
0
0
0
0
0
0
0
0
0
0
0
0
0
0
0
0
0
0
0
0
0
0.003433226
0
0
0
0
0
0
0
0
0
0
0
0
0
0
0
0
0
0
0
0
0
0
0
0
0
0
0
0
0
0
0
0
0
0
0
0
0
0
0
0
0
0
0
0
0
0
0
0
0
0
0
0
0
0
0
0
0
0
0
0
0
0
0
0
0
0
0
0
0
0
0
0
0
0
0
0.024032592
0
0
0
0
0
0
0
0
0
0.703811614
0.44460283
0.837707652
1.56383478
0.717544116
0.133895952
1.579284684
0.384521544
0.096130368
9.032823864
26.49421116
14.99462341
5.362701372
0
0
0
0
0
0
0.85830696
4.827115584
2.892492288
0.205993656
0
0.010299686
0.051498432
0
0
0
0.054931644
0
0.037765512
4.38766182
19.61402976
15.13023408
6.79092408
5.00392692
4.106142216
0
0
4.845996792
1.41449112
0
0
0
0
0
8.92810427
0.065231352
0
0
0
0.396537998
4.339603181
21.85249494
0
0
0
0
0
0
0
0
0.434303755
0.024032606
0
5.494878
6.812385055
0
0
0
0
2.454756998
3.419494812
8.538439392
11.36398093
0
0
0
0
0
0
4.02374214
0
0
11.94076825
68.27661029
0.065231352
0
0
0
0
7.601165712
13.61618532
0.820541376
4.676057604
8.6139702
0.003433226
0.00686646
17.76867343
0.178527874
4.030608362
17.4596796
0.02746584
0
0
0
0
0
0.599097996
0
0
0
0
0
0.010299679
0.017166125
0.755310521
6.62956722
1.713181104
0
0
0.00686646
4.209138
1.57928436
1.119231986
0
0
1.64795112
11.1167892
5.14984428
0
0
0
0
0.902938932
1.845359892
0
1.503753386
1.49002115
19.583126
0.839424384
0.358772054
5.091476076
0.082397506
0.199127196
0
0
0
0
1.232528976
2.487374028
0.693512186
0.006866453
0.72441144
2.887343777
0.260924868
0
0
6.38924004
0.209426969
13.24368473
0.003433226
0
0
0
0
0
0.825690852
0.37422216
0
0
0
0
0
0
0
2.901079058
0
0
0
0
0.006866453
0
7.180593372
13.66079839
38.63750832
6.849288
0.003433226
0.68321196
5.481152892
0
0
0.181961208
0.293541077
8.510967036
0.75187728
0
0
0
0.210285173
0
0.01373292
0.094413737
0
0.480651653
1.67026559
0
0
0
0
0
0
0
0.224876491
0
0
0
0.017166132
0
0
0
0
0
0
0
0
0
0
0
0
0
0
0
0
0
0
0
0
0
0
0
0
0
0
0
0
0
0
0
0
0
0
0
0
0
0
0
0
0
0
0
0
0
0
0
0
0
0
0
0
0
0
0
0
0
0
0
0
0
0
0
0
0
0
0
0
0
0
0
0
0
0
0
0
0
0
0
0
0
0
0
0
0
0
0
0
0
0
0
0
0
0
0
0
0
0
0
0
0
0
0
0.247192423
0.161361706
0
0
0
0
0.115013124
0
0
0
0
0
0
0
0
0
0
0
0
0.020599373
0.22487652
0
0.044631972
0
0
0
0
0
0.03948228
1.471138358
0
0
0
0
0
0.56476728
7.341099386
16.97130691
4.18166712
12.82997736
1.81961082
1.4119146
10.29281616
2.351762532
0
0
0
0.013732913
0.849724488
0.06179796
0.60424776
0.252342151
1.280593764
1.919177006
0
0.266075078
13.40417772
13.28143608
20.85685636
23.2910154
1.250553276
0
0
0
0
0
0
3.051279
6.262206761
13.12007688
0
0
2.84442912
4.480359264
9.234527306
40.8416796
0.992202826
45.46710521
10.73226583
0.010299679
0
0
3.657248762
4.16106864
0
4.95415062
5.033111832
4.126739702
7.865526708
0
0
0
0
0
0
0.04463195
0
4.240038686
8.126454024
2.56977054
2.214432864
8.854291886
4.940414669
0
0
0
0
0
0
0
0.030899059
6.921390276
9.316066716
5.057144136
0.099563587
0
0
0
0
0
0
0
0
0.15964511
0.624847226
2.415276238
0.753593422
0
0
13.31577187
4.509545522
0.170803332
0
0
0
0
0
0
0
0
0
0
0
0
0.116729813
3.46240908
0.003433226
0
6.033897626
38.38346744
0.017166139
0.07553106
10.0181547
1.27372721
0
0
0
0
0.003433226
8.38566702
10.47477269
0
0
0.072097798
0
0
4.109568912
41.4047304
0.77247612
0
0
0
0
0
0
0
0
0
0
0.07209779
0
0
0.720976817
4.50267786
5.302617192
13.05141822
0
0.215435009
1.900291759
4.494953916
0.006866453
2.231597664
4.578205946
3.939634332
0
0
0
0.62484696
0
0.180244476
0
0
0
0
0
0.157928184
3.319928784
22.12543523
0.202560228
0
0
0
0
9.310916426
42.76079672
4.569626426
0.137329128
0.339889442
0.37765512
0
0
0.01373292
50.7362472
0.84114072
20.03631588
5.736923532
9.571838796
6.21242748
0
0.212860368
0
0
0.199127232
2.035903176
0.497818008
3.968809344
0
8.15735106
4.50782424
8.0097174
0.072097776
0
0
0
0
0
0
0
0
0
0
0
0.020599373
0
0
0
0
0
0.030899038
0
2.011869986
4.0649427
13.2144903
6.46132968
3.144839076
0.048065191
4.17480858
0.14591209
0
0
0
0
0
0
0
0
0
0
0
0
0
0
0
0
0
0
0
0
0
0
0
0
0
0
0
0
0
0
0
0
0
0
0
0
0
0
0
0
0
0
0
0
0
0
0
0
0
0
0
0
0
0
0
0
0
0
0
0
0
0
0
0
0
0
0
0
0
0
0
0
0
0
0
0
0
0
0
0
0
0
0
0
0
0
0
0
0
0
0
0
0
0
0
0
0
0
0
0
0
0
0
0
0
0
0
0
0
0
0
0
0
0
0
0
0
0
0
0
0
0
0
0
0
0
0
0
0
0.003433226
0
0
0
0
0
0
0
0
0
0.370788804
0
0
0
0
0
0
0
0
0
0.068664413
1.556969508
2.46848737
0.288391104
0.65574648
0
0
0
0.036048888
0.07896425
4.82453964
0.4411692
0
0
0
0
0
0
0
0.003433226
0
0
0.006866453
0.6059646
1.416206088
0
0
0
0
0
0
0
0
0
1.29776009
7.268137394
2.701953396
0
0
0.020599358
0.048065184
8.995918946
11.89184299
0
1.455688346
0.003433226
0.017166132
0
0
0
0
0
0
0
0
0
0
0
0
0
0
0
0.010299679
7.84835635
10.66875001
15.497586
9.214785756
15.22293372
0.082397498
0.24890904
1.877974985
0.037765505
1.376724586
14.44359528
2.00672172
0
0
11.30904502
14.36119294
13.34840004
13.4685522
2.93197577
0
0.003433226
0.166511549
0
0
0
0
0.075531038
6.099132456
7.2063468
0
9.34352676
17.9660772
1.428222046
0.381088584
1.503753444
0.341606592
5.518909577
0
0.537300353
3.035831666
2.847863966
0
0
0.053215027
8.426855088
0.212860505
1.364707656
14.80750725
6.912803851
1.902007973
4.044340786
0
0
0
0
2.010154946
3.113936813
9.885979548
0.020599366
12.53300119
50.229774
4.76532162
1.452255566
0
0.072097826
14.83326468
3.136251982
2.77748334
2.175808486
4.36191174
17.5952898
7.403754852
0.28667484
0
0
1.546669958
4.40998164
3.713032116
0.039482186
0.252342014
23.15454163
7.9204572
0.42400296
26.9371044
0.875472761
0.322723937
5.2236522
0
0
2.05306655
2.6744868
4.760167802
8.03547
0
0
0.10986336
2.586936571
0.430870716
0.006866453
0
0.066947918
7.771112028
62.19636732
10.33230226
2.04963624
0
0
3.97910826
0
1.251411192
0.259208762
0.013732906
1.29604379
9.52376904
0
0
0
0
0
0
0
0
0.35362229
5.716327226
0.303840792
0.846290851
1.711463306
0.329589799
0.611114839
0
9.67998834
0.926971654
0
0
0
0
0
3.694150937
0.1905444
0.08583084
0.123596316
0
0
0
0
1.95865362
0
0.166511642
0
0
0
0
0
0
0
0
0
0
0
0
0
0
0
0
0
0
0
0
0
0
0
0
0
0
0
0
0
0
0
0
0
0
0
0
0
0
0
0
0
0
0
0
0
0
0
0
0.02746584
0
0
0
0
0
0
0
0
0
0
0
0
0
0
0
0
0
0
0
0
0
0
0
0
0
0
0
0
0
0
0
0
0
0
0
0
0
0
0
0
0
0
0
0
0
0
0
0
0
0
0
0
0
0
0
0
0
0
0
0
0
0
0
0
0
0
0.155353824
0
0
0
0
0
0
0
0
0
0
0
0
0
0
0
0
0
0
0.032615669
0.030899045
0.248908874
0.270367092
0
0
0
0
0
0
0
0
0
0
0
0
0
0
0.003433226
0.003433226
0.21629358
0
0
0
0
0
0
1.764679284
0.473785632
0
0
0
0
0
0
0
0.281524507
11.33309088
2.8118124
0
0.793075817
0.666046181
0.837707443
21.79413288
0.902938795
0
0
0
0
0
0
0
0
0
0
0
0
1.078033529
1.417064472
2.3397426
0.772477042
15.02123355
0.40683726
0.017166132
1.417922028
4.468347
0.017166146
0
0.020599366
0
0
2.29511088
8.06636808
8.027745674
0.871181676
0
0.037765512
0
0
0
5.875109906
0
0
0
0
0
0
0
0
0
10.05078103
0.559616256
0.614547576
0
0
0
0
13.95950634
39.51298402
9.0293886
0.013732906
0
0
2.825546378
0
0.024032599
1.337242565
1.453971578
0.020599366
3.804015017
5.894846899
0
0
6.25534578
0
0
0
0
0.209426976
0
0
0
0
0
0
0
0
0
0
0
0
1.215363146
4.861447776
0.151062156
0
0.617981098
0
1.404190814
0
0.830841293
3.598021584
0
0
0
0.247192337
0.98190324
0
0.144195538
12.62998829
0
0
0
0
8.30325492
0.111579912
0.73471037
17.5189032
19.4423652
14.9765958
13.95607887
7.98740496
0.6334308
0
0.3553389
8.78562774
1.259995032
2.64358548
0.370788862
0.372505118
13.55180921
19.45266804
0
0
0
0
5.348965493
3.101920222
9.77268564
0.003433226
0.024032606
0
0.053215056
0.061798111
1.208495952
0
0
0.046348574
26.81860995
22.29795648
0.621414446
0.060081509
0
0
0
0
0
0
0
0
0.607680072
2.629852596
0
0
0
0
0.024032599
2.851295148
0.43945308
0
0
0.017166132
0.854873568
0
0.61454772
0.15964493
0
0
0.024032592
0.027465804
2.33545338
0.003433226
1.2479778
0.017166132
1.028251512
0.05149841
0.03089903
0.061798104
0
0
0
0
0.357055438
0
1.678848768
0.40855464
0
0
0
0
0.077247634
0
0
0
0.006866453
0.00686646
0.171661104
0
3.47271012
1.223945568
0
0
0
0
0
0
0
0
0
0
0
0
0
0
0
0
0
0
0
0
0
0
0
0
0
0
0
0
0
0
0
0
0
0
0
0
0
0
0
0
0
0
0
0
0
0
0
0
0
0
0
0
0
0
0
0
0
0
0
0
0
0
0
0
0
0
0
0
0
0
0
0
0
0
0
0
0
0
0
0
0
0
0
0
0
0
0
0
0
0
0
0
0
0
0
0
0
0
0
0
0
0
0
0
0
0
0
0
0
0
0
0
0.484084886
0
0
0
0
0.041198717
0.887489467
4.430578392
0
0
0
0
0
0.784492949
2.041054776
0
16.66145174
7.930754964
0
0
0
0
0.025749194
0.054931644
0
0
0.45146916
2.437593113
12.67719246
4.984190957
10.5657534
0.41542056
0
0.121879699
1.079750153
1.41277338
17.35496964
19.2466926
2.126881793
0
0
0
0
0
0.013732906
0
0
0.631712808
2.9182428
0
0
10.28766313
16.88804729
0
0
30.72738967
6.133465224
0
0.32443997
4.563612259
0.176811235
0.037765505
0
0.003433226
23.99310684
0.805091904
0
0.104713416
7.592584824
24.30037397
0
0
0.65231303
0.727843651
2.947425646
32.95040031
0
0
0
0
0
0.003433226
0
0
3.2220828
1.974106224
0.363922337
0
0
0
1.524351881
13.36640821
0.847149444
0
13.61102976
2.027319293
0
1.198196856
36.22570272
6.668188128
0
0
0
0
0.0394821
1.344109068
2.255632639
11.10391714
0
0
12.06951469
16.50008797
5.542943652
0
6.221867191
18.31282931
16.56703559
5.53436959
6.978033288
2.047920178
1.66168229
1.465988357
0.202560408
2.458194912
7.40547131
5.740361352
4.016877912
2.998924193
6.17465844
0.308990347
0.054931644
0.600814505
16.63484508
0.430869996
0.068664557
0.024032592
0.387954806
1.84879319
0.442886659
0
0.013732906
0.041198717
5.532645413
0.078964279
0.363922214
2.6847846
13.59558216
8.988189826
0
0.003433226
0
0
5.08804223
5.429647346
15.77225052
0.19397718
0
0
0
0
0.638580204
0.1905444
80.2740006
43.11964764
0.006866453
0.42572034
0
0
0.432586886
7.838919648
0.33988932
0.082397599
5.869099253
4.938698592
45.4988412
7.01923608
0.07209779
3.081322174
0
0
0.813674426
0.916671658
0.068664564
0
0
0
0
0
0
0
0
0
0
0.219726612
2.083969548
0.003433226
2.368927872
1.15013268
2.65045302
0.15449526
0
0
0.104713452
2.097699876
19.87152804
5.853656153
0
0.072097812
0
0
0
0
0
0
0
0
0
0
3.642656436
11.11335811
2.78778276
0
0.302124017
0
0
0.302123952
0.51841728
0
0
0
0
0.12359628
0
0
1.816177406
0.278091014
0
0
0
0
0
0
0
0
0
0
0
0
0
0
0
0
0
0.003433226
1.44367272
0.044631958
0.051498425
0
0
0
0
0
0
0
0
0
0
0
0
0
0
0
0
0
0
0
0
0
0
0
0
0
0
0
0
0
0
0
0
0
0
0
0
0
0
0.398254349
0.161361684
0.04119876
0
0
0
0
0
0
0
0
0
0
0
0
0
0
0
0
0
0
0
0
0
0
0
0
0
0
0
0
0
0
0
0
0
0
0
0
0
0
0
0
0
0
0
0
0.128746116
0
0
0
0
0
0
0
0
0
0
0
0.034332264
0
0
0.157928522
0
0
0
0
0
0
0
0
0
0
0.097846992
0.875473013
0
0
0
0
0
0
0
0
0
0
0
0
0
0
0
0
0
0
0
0
0
0
0
0
0
0
0
0
0
0
0.054931622
2.023888097
1.084899391
0
0
0.230026262
0
0
0
0
0
0
0
0
0
0
0
0
0
0.054931644
0
0.187110878
0
0
0
0
0
0
0
0
0
0
0
0
0
0
0
0
0
0
0
0
0
0
0.077247634
0
0.044631979
1.405048802
0.254058984
0.037765498
0.890922744
2.866744706
0.027465818
0.034332271
0.096130433
0.020599366
0.707244732
4.864878
0.14762893
23.37684793
0.02746584
0
0
0.01373292
0.01373292
0
0
0
0.003433226
17.58843249
3.4624098
37.37926296
0.40512096
0
0
0.096130382
0
0
0
0.298690538
7.214927328
23.54679385
5.43651588
20.91865644
0
0
0
0
0
0.029182442
0.549316548
0.024032599
0
0
0.139045586
1.258278026
0
0
0.04978188
5.232237732
4.9386996
0
0
0
0
0
0
0
1.683998546
0.060081458
9.285164885
3.58600284
0.068664564
0
0
0
0
0
0.00686646
0.31585711
0
0
0
0
0
0
0
0
0
0
0
0.089263908
0.738143712
0
0
2.60238942
2.5714899
0
0.5218506
0.40168764
0
0
0
0
0
0
0
6.42185424
1.49860404
0
0
0
0
0.27809172
0
0
0
0
0
0
0
0
0
0
0
0
0
0
0
0
0
0
0
0
0
0
0
0
0
0
0
0
0
0
0
0
0
0
0
0
0
0
0
0
0
0
0
0
0
0
0
0
0
0
0
0
0
0
0
0
0
0
0
0
0
0
0.02746584
0
0
0
0
0
0
0
0
0
0
0
0
0
0
0
0
0
0
0
0
0
0
0
0
0
0
0
0
0
0
0
0
0
0
0
0
0
0
0
0
0
0
0
0
0
0
0
0
0
0
0
0
0
0
0
0
0
0
0
0
0
0
0
0
0
0
0
0
0
0
0
0
0
0
0
0
0
0
0
0
0
0.129604248
0
0
0
0
0
0
0
0
0
0
0
0
0
0
0
0
0
0
0.030899052
0.058364892
0.62484732
0.890922866
1.383591168
0
0.11844635
0.0343323
0.30555743
0
0
0
0
0.76389313
0.605965284
53.91972792
0
0.089263872
0.072097812
0
0
0
0
0
0
0
0
0
0
0
0
0
0
0
0
0.017166132
0
0
0
16.31812643
0.078964236
0
0
0
0
0
0.03776549
8.251757964
20.47233699
0.003433226
0.04463208
3.299331917
0.662613012
0.35705592
0
0
0
0
0
0
0
0
0
0
0.017166146
0
0
0
0
0
0
0
3.319929432
16.38680508
41.25020836
0.051498432
0
0.013732913
0.144195574
0
0
0
0
0.003433226
0.302124017
0
0
1.323509184
0.030899052
4.806521618
0.006866453
0
0
0.065231359
0
1.71318078
24.70035852
8.84570724
0
0
0
0.017166139
0
0
0
1.740645
3.199768164
0.030899045
0
0
0
0
25.74577044
5.843350656
0
0.525283956
0
0.07553106
0
0
0
0
0
3.055569012
0.38452176
0.027465818
0.085830746
0
0
0.116729755
0.199127138
0
0
0.080680824
0
0
0.013732913
0
0
0
0
0
0
0
0
0
0.027465818
0
0
0.147628937
6.66389772
5.94291924
42.30078984
0.171661428
0
0
0
0
0
0
0
0.07209792
1.888275053
0.372505097
0
0
0
1.008510444
10.76832036
0
0
0.111579948
0
0.339031181
0.327873276
0.061798111
0
0.003433226
0.101280204
0.003433226
0.41370372
0
0
0
0
0
0
0.396537674
0.067806252
0
0
0
0
0
0
4.875185628
0.010299672
1.067733785
0.020599373
0
0
0
0
0
0
0
0
0
0
0
0
0
0
0
0
0
0
0
0
0
0
0
0
0
0
0
0
0
0
0
0
0
0
0
0
0
0
0
0
0
0
0
0
0
0
0
0
0
0
0
0
0
0
0
0
0
0
0
0
0
0
0
0
0
0
0
0
0
0
0
0
0
0
0
0
0
0
0
0
0
0
0
0
0
0
0
0
0
0
0
0
0
0
0
0
0
0
0
0
0
0
0
0
0
0
0
0
0
0
0
0
0
0
0
0
0
0
0
0
0
0
0
0
0
0
0
0
0
0
0
0
0
0
0
0
0
0
0
0
0
0.037765505
0.288391219
0.628281029
0
0
0
0
0
0
0
0
0
0
0
0
0
2.492520984
7.8037326
0.87547446
1.0548594
0
0
0
0
0
0
0
0
0.193977353
0.705528
0
0
0
0
0
0
0
0
0.122737968
0.123596316
0
0
0
0
0
0
0
0
0
0
0.61197233
3.161145024
11.48929906
2.88391122
0.020599373
0
0.417136932
1.532077351
0
0
0
0
0.190544148
10.42842492
17.91801269
0
0
0
0
0
0
15.61775578
19.50588324
24.11498822
7.158276828
1.342392192
0
12.44888508
8.064657792
0.508117716
0
0
0.006866453
5.215072478
8.55904104
1.617050455
2.413559786
6.272505
0.024032599
1.069450538
0
0
0
0
0
0
0
11.23867206
12.84199344
0
0
0
0.38108849
0
0
0
0
0
0
0
0
0
0.020599373
3.422930846
0.085830782
0
0
1.337242039
0.83599092
2.326012106
34.4747484
4.11300828
0
0
0
0
0
0
0
0.003433226
0.908089106
0
0
0.597379838
16.22886804
15.10791682
12.38708052
0
0
7.681844239
3.18689496
0
0.017166132
8.399393712
0
0
0.872039772
0.051498396
0
0
0
0
0
0
0
6.88018446
0.05836487
0
0
0
0
15.0032052
10.65330521
4.116440772
0
0
0
5.762672712
15.839199
0.024032599
0
0
0
0
0
0
0
6.58836396
41.452776
4.24518768
0
0
0
0
0
0
0
0
0
0
10.58979456
10.22415108
0.0686646
0.2909664
0
0
0
0
0
0
0
0
0
0
0
0
0
0
0.374221634
0
0
0
0
0
0
0
0.56648273
0.782776044
0.41713704
3.78685008
0
0
0
0
0
0
0
0
0
0
0
0
0
0
0
0
0
0
0
0
0
0
0
0
0
0
0
0
0
0
0
0
0
0
0
0
0
0
0
0
0
0
0
0
0
0
0
0
0
0
0
0
0
0
0
0
0
0
0
0
0
0
0
0
0
0
0
0
0
0
0
0
0
0
0
0
0
0
0
0
0
0
0
0
0
0
0
0
0
0
0
0
0
0
0
0
0
0
0
0
0
0
0
0
0
0
0
0
0
0
0
0
0
0
0
0
0
0
0
0
0
0
0
0
0
0
0
0
0
0
0
0
0
0
0
0
0
0
0
0
0.017166139
0.072097762
0
0
0
0
0.077247612
0
0
0
0
0
0
0
0
0
0
0
0
0
0
0
0
0
0
0
0
0
0
0.027465818
0
0.027465818
0
0
0.024032592
0.090980532
0
0
0
0
0
0
0
0
0
0.497817864
0
0
0
0
0
0
0
0
0
0
12.49008208
0
0
0
2.746584504
0.16822818
0
0
0
0
0
0
1.210213152
19.6912818
14.8761774
0.03604896
29.04853608
6.679340064
0
3.73363668
7.496457026
0.127029449
0
1.5844347
1.37329128
6.269069714
6.193536761
2.240181857
0.765609336
0
0.027465826
17.18502062
5.381585928
0
0
0
0
0
0
0
0.037765498
0
0.409412758
4.113868248
2.636719366
12.09010687
1.108933769
8.09641188
0
6.009866532
13.78612213
0.243759247
1.320076843
0.044631929
5.882833116
5.233950972
0
0
0
0
0
0
0
0
0.226592971
0.020599373
14.00928527
0.017166132
0
0
0
10.60180639
16.20312696
1.996421918
0.020599366
0
0
0
0
0
0.013732898
0.05149836
0.013732906
0
0
0.381088325
2.35347768
20.03803326
9.53750376
0
0
0
0.063514706
8.593364376
1.035117785
0
0
0
0.51326784
0
0
0
0
0
0
0
0
0
0
0
0
0
0
0
0
0
0.76046022
0.157928688
0
18.56174674
18.73684124
4.92839712
3.239255218
0.525283862
21.37699091
0.020599366
0
0
0
0
0.18024444
1.421356752
2.140617773
0
1.1363985
24.19395444
9.431075606
0.384521587
4.720688618
0
0.590515344
0
0
27.69929784
9.640503194
7.72819704
0.326156796
0
0.085830696
0.085830674
2.39295924
26.65557792
15.85463868
9.90486612
0.18196092
0.333022968
0
0.078964272
0
0.212860116
0.188827704
0
0.078964236
0
0
0.048065184
0.205993721
0.003433226
0
0
0
0.10299672
0.260924904
0
0
0
0
0
0
0
0
0
0
0.460052352
0
0
0
0
0
0
0
0
0
0
0
0
0
0
0
0
0
0
0
0
0
0
0
0
0
0
0
0
0
0
0
0
0
0
0
0
0
0
0
0
0
0
0
0
0
0
0
0
0
0
0
0
0
0
0
0
0
0
0
0
0
0
0
0
0
0
0
0
0
0
0
0
0
0
0
0
0
0
0
0
0
0
0
0
0
0
0
0
0
0
0
0
0
0
0
0
0
0
0
0
0
0
0
0
0
0
0
0
0
0
0
0
0
0
0
0
0
0
0
0
0
0
0
0
0
0
0
0
0
0
0
0
0
0
0
0
0
0
0
0
0
0
0
0
0
0
0
0
0
0
0.358772508
3.04870883
0.798225127
0.094413744
0
0
0
0
0.010299679
0
0.159645204
1.184463187
4.51469376
8.464622112
11.56654116
18.89648856
0
0
0.144195732
3.670116624
0
0
0
0
0.01373292
1.532935462
0
0
0
0
0
0
0
0
0
0
0
2.26249614
13.88397038
2.89077773
0
0
0
4.00828986
18.42698927
0
0
0
0
0
1.99470384
4.931832773
1.831628556
4.470067692
0.291824546
3.131103845
9.214783308
0
0
0
0.082397462
1.054000721
0.092697142
0.209426882
15.75508345
0.679779
0
0
0.734710853
2.03933718
2.568053786
0.082397513
0
0
0.017166132
0
0
0
1.479721334
12.96215199
0.013732906
0
0
0
0
0
0
0
0
0.446319497
7.374572712
0.027465826
0.01373292
3.560256756
0.048065213
20.36934871
13.4839962
0
0
0
0
0.034332264
11.24725388
0.13732915
0
0
0
0
0.284958014
8.023455554
3.783415759
0
0
0
0
0
0.010299679
0
12.5759114
1.007652384
1.208495736
1.393889472
0.024032599
1.44195611
2.722548456
8.589939912
0
0.020599366
0.020599358
0.854873424
9.564973099
0.315856994
0.98190288
0
0
0
0.28152491
0.271225015
0
0.044631936
11.10306204
0
0
0.013732906
0
2.24189717
1.603317204
0
0
0.15449508
0.078964265
0
0.020599373
0.003433226
0.061798082
0.99563567
0
0
4.229737481
26.59893264
2.8701792
0
0
0.085830725
0.044631972
0
0
0
0
0
0
0.205993764
14.26163396
0.116729878
0.403404444
0
0
4.1130072
9.475702416
0.144195444
3.882976056
0
0
0
0.793075284
0.872040233
9.049983516
0
0
0.058364906
3.63579174
1.689147072
0.089263944
0
0
0
0
0
0
0
0
0
0
0
0.04634856
0.216293652
0
0
0
0
0.010299679
0
0.020599373
0
0
0
0
0
0
0
0
1.486587341
1.562119452
0
0.211143636
0.755310276
0
0
0
0
0
0
0
0
0
0
0
0
0
0
0
0
0
0
0
0
0
0
0
0
0
0
0
0
0
0
0
0
0
0
0
0
0
0
0
0
0
0
0
0
0
0
0
0
0
0
0
0
0
0
0
0
0
0
0
0
0
0
0
0
0
0
0
0
0
0
0
0
0
0
0
0
0
0
0
0
0
0
0
0
0
0
0
0
0
0
0
0
0
0
0
0
0
0
0
0
0
0
0
0
0
0
0
0
0
0
0
0
0
0
0
0
0
0
0
0
0
0
0
0.020599373
1.124382182
0.199127261
0
0
0
0
0
0
0
0
0
0
0
0
1.58958432
1.290893184
0
0
0
0
0
0
0
0.003433226
0.53558352
0
0.97160346
5.711175504
0
0
0
0
0
0
0
0
0
0.065231302
22.03616806
32.96842812
1.75094676
0
0
0
0
0
0
0
0
0
0
0
0
0.03604896
5.017664448
0.027465818
0.655746962
8.356473648
6.838986427
2.358627912
2.514838428
2.247047532
0.139045694
2.193832584
26.71565627
0.102996799
0
0
0
0
0
0
0
1.088333669
9.136677355
0.542449598
1.735496561
4.111291858
0
0
0
12.92695345
0
0
0.853157196
14.18781888
0
0
0
0
0.07553106
1.048851058
34.03015929
0
0.427436561
0.130462668
21.56582074
0.202560408
0
0.010299679
0.163078459
9.08603856
40.41939564
0.357055999
3.599738467
0.387954828
1.28231087
0.137329128
0
0
0
0.00686646
12.18451964
4.434015686
3.095053992
8.064655236
0.341606066
2.775765204
0
0
0
2.554321644
7.439805338
0
0
2.186965692
11.5768512
1.263427798
0
0
0
0.882340128
0
0.775909512
0
0
0.04463195
0
0
0
0
0
0.243759204
0.185394276
0
0
0
0
0
0
0
0
0.42400373
0
0
0
0
0
0.904655426
0
0
0
0
0
0.003433226
0
0
0.00686646
2.229882718
4.292393004
0.187969212
0
0
0
0
0
0
0
0
0
10.11429351
0.096130368
0.099563731
1.48572887
37.62305975
0.041198738
0
0
0
0
0
0.250625952
0.116729748
0.466919114
0
0
1.399040035
0.240326086
0
1.654815218
3.239252366
0
0.53215002
13.23337619
13.33122111
30.01671
0
0
0
0
0
0.8686071
1.1020662
1.747512173
0.33988919
0
0
0
0
0
0.07553088
0.62141405
0
0
0.07553088
0.298690668
0
0
0
0
0
0
0.63171373
0
0
0
0
0
3.26157138
0.614547936
0
0
0
0
0
0
0
0
0
0
0
0
0
0
0
0
0
0
0
0
0
0
0
0
0
0
0
0
0
0
0
0
0
0
0
0
0
0
0
0
0
0
0
0
0
0
0
0
0
0
0
0
0
0
0
0
0
0
0
0
0
0
0
0
0
0
0
0
0
0
0
0
0
0
0
0
0
0
0
0
0
0
0
0
0
0
0
0
0
0
0
0
0
0
0
0
0
0
0
0
0
0
0
0
0
0
0
0
0
0
0
0
0
0
0
0
0
0
0
0
0
0
0
0
0
0
0
0
0
0
0
0
0
0
0
0
0
0.34160652
1.390456483
2.9096586
0
0
0
0
0.321006708
0
0
0
0.252342252
0
0
0
0
0.406837332
6.280230096
17.12665192
14.2135648
32.7804516
11.48414668
0
0.291824474
4.455471888
3.465845244
2.56805406
4.450318596
0.024032599
0.944137346
0.089263908
0
0
0
7.179740078
9.654239592
0.255775356
0
0
2.629854734
20.95642349
0
0
0
0.087547298
0
0
0
0
0
0
0
0
0
0.193977511
9.292027824
12.5364348
0
0.017166146
4.309560144
0.09012222
0
0.09269712
0
1.857378859
0
1.110648989
0
0.003433226
0
0
0.053214919
15.33794076
5.683707828
0
0
0
0
0
0
0
1.414490486
0
0.896073444
11.12537304
1.709747604
0
0.14076234
11.56997556
3.980828052
0.123596316
0
0
0
0.078964265
0.61454772
5.64766128
14.35775688
0
0
17.50946085
19.18831023
4.706951162
0.102996864
0
0
0
0
0
0.048065184
0.048065177
0.109863288
0
0.027465826
0.357055207
10.06107739
3.42292806
8.880042074
6.849284846
0.80680847
0.058364856
0.12702947
0.466918538
0
0
0
0
0
0
0.185394132
5.318072064
0.83427408
0
0
0
0.02746584
0
0
3.422930724
0
0
2.84957892
2.416992206
0.048065306
1.095199733
1.17416381
11.2026186
23.46610961
55.6388784
10.63613628
0
0
0
0
0.020599366
0
0
0
0
0
0.030899059
0
0
0
0
0
0
0
0.051498432
0
0
0
0
0
0
0
0
0
0.024032599
0
0
0
0.003433226
16.45802989
2.786064732
2.9208204
0
0
0.006866453
0
0
0
0
0
17.72232102
4.64859
0
0.034332286
0
0.072097754
0
0.92010546
0
0.8874891
0
0
0
0
0
0
0
0.080680723
0.082397426
0.041198717
0
0.010299679
0.05836482
0
0
0
0
0
0.137329243
0.236034432
0
0
0
0
0
0
0
0
0
0.017166146
0
0
0
0
0
0
0
0
0
0
0
0
0
0
0
0
0
0
0
0
0
0
0
0
0
0
0
0
0
0
0
0
0
0
0
0
0
0
0
0
0
0
0
0
0
0
0
0
0
0
0
0
0
0
0
0
0
0
0
0
0
0
0
0
0
0
0
0
0
0
0
0
0
0
0
0
0
0
0
0
0
0
0
0
0
0
0
0
0
0
0
0
0
0
0
0
0
0
0
0
0
0
0
0
0
0
0
0
0
0
0
0
0
0
0
0
0
0
0
0
0
0
0
0
0.140762304
0
0
0
0
0
0
0
0
0
0
0
0
0.024032592
0
0
0
0
0
0
0
0
2.892498084
0.690078866
0
0
0
0
0
0.586223705
0
0
0
0
0
0
0
0
0
0.3639204
25.55781271
1.074600504
0
0.030899052
0
0
1.112365872
0
0
0
0
0
0
0
0
0
0
0.099563666
0.157928508
0
0
0
0
0
0
0
0
0
0.010299679
0
6.20384148
4.68978516
0
0
0
0
0.449753076
11.28158114
6.983189892
2.34489425
5.9738184
0
0
0
0
0
0
0.308990441
0.030899045
0
0
0
1.853944596
9.801865944
9.96666336
0
4.961009628
6.368636664
0
0.168228158
0
0
0
0
3.093342545
0
9.71947368
0
2.348330486
0.140762383
10.81123344
20.5547382
0.611114573
0
0.006866453
0
0
0
2.655601106
54.4810032
47.44290672
0.020599358
0
2.079677124
4.980755052
17.35754162
0
0
0
1.241969602
7.281875592
8.562467916
0.355339181
0.034332271
0
0
0
0.04634856
4.04176788
0.013732906
0
0
0
7.96852152
0.126171
0
0
0
0.037765526
0
0
0
0
0
0.60081449
0
0
0
0
0
0
0
0
0
0
0
0
0
0
0
0.436020098
0.044631986
10.2275778
3.532786978
0.037765526
0
0
5.61247092
4.499247413
0
0.504684626
10.20355376
19.97967503
0
0
0
0.04463208
3.05728758
0
0
0
0.03089903
35.75365805
6.8664564
0
0
0
0.363921962
0
5.6253456
6.416703936
1.570701024
1.297759723
0
0
0.003433226
0
0
0.643730306
0
7.09476858
0.041198738
0
0
0
0.535583866
0
0
0
0
0
0
0.030899059
0
0
0
0.14419589
0
0
0
0
0
0
0
0
0
0
0
0
0
0.054931644
0
0
0
0
0
0
0
0
0
0
0
0
0
0
0
0
0
0
0
0
0
0
0
0
0
0
0
0
0
0
0
0
0
0
0
0
0
0
0
0
0
0
0
0
0
0
0
0
0
0
0
0
0
0
0
0
0
0
0
0
0
0
0
0
0
0
0
0
0
0
0
0
0
0
0.017166132
0
0
0
0
0
0
0
0
0
0
0
0
0
0
0
0
0
0
0
0
0
0
0
0
0
0
0
0
0
0
0
0
0
0
0
0
0
0
0
0
0
0
0
0
0
0
0
0
0
0
0
0
0.092697228
0.863457048
0.044631972
0.05493163
4.181676113
6.224439694
0.672912
1.653099314
3.922464312
0.514984248
0
0.04463208
2.853011138
1.510621826
1.026535183
1.735496035
5.43823146
0.593948707
0.39911292
12.33043409
15.64006896
22.50650448
0.21801006
4.17995262
0
0
2.818679112
5.501744532
4.16965361
0
0
0
0
0
12.70980444
0
0
0
0
0
0.569915906
4.025459448
0
0
0.027465833
0.006866453
0
0
0
0
0
0
0
0
0.017166132
0
0
0
12.46433202
0.197410536
0
2.5543206
8.692926372
6.612398525
0
0
0.185394312
2.020454892
7.40203776
1.45568916
0
0
0
0
9.07745094
1.69944822
0
0
4.32243522
2.468491193
0
0
0
0
0
0
0
2.853012708
8.08353648
0.18024475
4.499248226
0.312423732
0
0
4.161068366
13.89084001
0.078964243
0
0
0.020599358
0
0
0
8.965869566
10.84213781
0
0
0
0
0
0
0.290107865
0.729560844
0.415420776
0
0.003433226
5.577280013
33.5512224
0.430870306
4.310416238
3.023816465
0
0
3.010942116
0.209426904
0
3.12252048
2.705385384
0
6.075097682
0.00686646
0.013732906
0.03776549
0
0
5.443384068
0.1871109
0.139904172
0
0.600814217
2.495954678
0
1.903724186
19.49043726
0
0
0
2.305411157
0.003433226
0
0
0
0
0
0
0.154495548
0
0.775909152
0.717544634
0.34160616
0
0
0.748443931
0.013732906
0
0.556182468
10.7545797
0.762176642
38.26332864
0
0
0.013732906
0
0.794792477
1.330375608
0
0
0.020599373
0
0.003433226
2.501965584
0
11.66610492
20.03115676
1.31063364
0
26.01013086
2.41785167
0
0
0
0.394821122
0
0
0
0
0.917102066
5.687144906
0
5.088900614
0
0.302982638
1.645374384
0
0
0
0.034332286
0.717544454
0.085830696
0
0
0
0
0.020599358
0.223159529
0.144195552
0
0
3.66669036
1.64280204
0.228309566
0
0
0
0
0
0
0
0
0
0
0.065231366
0.102996828
0
1.35269154
0.501251364
0
0
0
0
0
0
0
0
0
0
0
0
0
0
0
0
0
0
0
0
0
0
0
0
0
0
0
0
0
0
0
0
0
0
0
0
0
0
0
0
0
0
0
0
0
0
0
0
0
0
0
0
0
0
0
0
0
0
0
0
0
0
0
0
0
0
0
0
0
0
0
0
0
0
0
0
0
0
0
0
0
0
0
0
0
0
0
0
0
0
0
0
0
0
0
0
0
0
0
0
0
0
0
0
0
0
0
0
0
0
0
0
0
0
0
0
0
0
0
0
0
0
0
0
0.020599366
0.123596237
6.37550316
0
0
0
0.010299679
0
0
0
0
0
0.2746584
0.02746584
1.75781214
0.700378488
0
0
0
0
0
0
0
0
0
0
0
0
0
0
0
0
0
0
0
0
0
0
0
0
0
0
0.078964186
0.137328962
1.484870868
0
3.52420812
0.769043297
0.017166132
0
0
0
0
0
0
0
0
0.04634856
13.17501036
0.95958684
0
0.079822562
2.106285602
34.59405816
1.4659884
0
0
0
0
0
0
0
1.83334572
1.21707936
0
0.061798226
1.23939504
0.034332286
0
0
0
0
0
0
0
0
0.853157578
0.872040362
0.168228194
3.769687944
2.5199892
0
2.813533718
2.516555318
0
0
0.779342702
0.072097819
18.84498804
0.113296558
0.185394305
0.32272344
0
0
0
0
0
0
0
0
11.20605687
4.411697573
0
7.61661774
1.932908818
0
0
2.468492186
8.34617682
0.010299679
0
0
0
0
0
0.069522854
0.182819534
0.06008148
0
3.24268056
1.40333148
0.483226466
0.060939806
1.617050275
0
0
0.640296626
3.33537732
0
0
0
0
0
4.31557164
13.50374184
11.4721348
0
0
0.480651818
0.020599366
0
0
0
0
0
0
0
0
0.020599373
0.748443823
1.20163091
2.43415656
0
0
0
3.784275266
0
0
0
0
0
0
0
0
0.214576668
0.034332271
0.006866453
0.300407522
0.42057036
0
0
0
0.013732906
0
0
5.323222994
8.765028432
0.254058948
0
0.024032585
0
0
0
0
0
0
0
0
0
0
0
0
0
0
0
0
0
0.006866453
6.066514433
0
0
0
0
0.003433226
0.377654868
0
0.030899066
0.00686646
0.54245016
0
0
0.04463208
0.19912721
0
3.6598194
0.048065184
0.01373292
0.027465833
0
0
0
0
0
0
0
0.030899052
0.006866453
0
0
0
0
0.350189186
1.06430076
0
0
0
0
0
0
0
0
0
0
0
0
0
0
0
0
0
0
0
0
0
0
0
0
0
0
0
0
0
0
0
0
0
0
0
0
0
0
0
0
0
0
0
0
0
0
0
0
0
0
0
0
0
0
0
0
0
0
0
0
0
0
0
0
0
0
0
0
0
0
0
0
0
0
0
0
0
0
0
0
0.006866453
0
0.041198731
0
0
0
0
0
0
0
0
0
0
0
0
0
0.171661385
0.240326071
2.81524896
0.144195516
0
0
0
0
0
0
0
0
0
0
0
0
0
0
0
0
0
0
0
0
0
0
0
0
0
0
0
0
0
0
0
0
0
0
0
0
0
0
0
0
0.154495224
1.49345388
0.090980604
7.194326234
14.84441712
5.81416812
0
0.83084076
1.282310474
2.348328254
1.924324704
0
7.347106757
1.939773744
0.789641914
0.106430004
0
0
0
0
0
0
0
0.236892672
0
0
0
0
0
0.51841566
7.159999486
6.47678466
5.101770888
3.088186236
0
0
0
0
3.481290792
23.3785692
0
0.034332293
0
0
0
0
0
0
0
0
0
0
0
0
0
0
0
0
0
0.010299672
0.247192632
0
5.513762412
17.26226917
0.05493168
0
0
0
0
0
0.758743394
0.648880358
0
0
0
0
0
0
0
0
0.061798075
0.222301598
8.32128336
0.151062048
0
0
0
0
1.462554871
0.283241203
10.54000809
0.36563904
1.011943346
0
0.049781966
0.35018928
0
0
0
0
0.458336138
1.103783018
1.442813436
0
0
0
0
0.06179796
7.386589843
3.386879647
0.267791796
1.359557726
30.31711128
0.17852778
0
0.528716592
0.030899045
0
1.55181906
0.254058588
0.06523128
1.490021093
0.085830696
0
0.130462704
0.322723382
0
0
0.26779158
1.084900003
0.127029276
2.9165283
0.034332278
1.11236549
0.06179814
0
0
0
0.233459078
7.875826106
0
0
0
3.83148216
0
0
0
0
0
0.38452158
1.31835924
0
0
0.199127412
0
0
0
0
5.846788296
7.987404456
2.669330534
0
0
0.24375929
0.47035206
1.263425918
2.368926828
3.846928212
12.58964665
0.73814382
0.030899052
0.00686646
6.440733446
0.04119876
0
1.036834517
0
0
0
0
0
0
0
0
2.272797065
11.00349407
0.9372708
0
0.065231352
2.31056172
0.223159874
0.257491793
0
0
0
3.40232976
2.15949996
0
0
0.442886306
3.73535208
1.877974668
0
0
0
0
0.188827798
0.264358908
0
0
0
0
0
0
0
0.02059938
0
0
0
0
0
0
0
0
0
0
0
0
0
0.010299679
0.736427376
0
0
0
0.089263908
0
0
0
0
0
0
0
0
0
0
0
0
0
0
0
0
0
0
0
0
0
0
0
0
0
0
0
0
0
0
0
0
0
0
0
0
0
0
0
0
0
0
0
0
0
0
0
0
0
0
0
0
0
0
0
0
0
0
0
0
0
0
0
0
0
0
0
0
0
0
0
0
0
0
0
0
0
0
0
0
0
0
0
0
0
0
0
0
0
0
0
0
0
0
0
0
0.13046279
0.45661968
1.205062978
0
0
0
0.106430162
0
0
0
0
0
0
0
0
0
0
0
0
0
0
0
0
0
0
0
0
0
0
0
0
0
0
0
0
0.647163072
3.664966392
6.028751174
0.003433226
0
0.799941809
18.04161445
1.108932264
34.36317324
4.123307952
13.02223788
10.66703823
0
1.3698594
1.26514584
0
0
0
0
0
0
0
3.347397072
0.211143528
0.88148088
16.12157922
7.235522604
7.5342213
0
1.160430998
0
0
0
0.532150092
1.893425141
0
11.38801327
0.085830718
0
0
0
0
0
1.287460332
10.21728499
4.33273356
0.230026298
0.624847327
0
0.0686646
0.40855392
2.11143456
0.024032599
0
0
12.49350188
7.85007648
0
0
0.027465833
0.003433226
0.013732906
0.964737266
0.013732906
0
0.106430054
0
0.109863338
1.177597152
21.82159728
0.696945398
0
0
0
0
0
0
0
0
0
0
0
0
0.054931644
1.81617588
0
0
0
2.856445373
5.692290026
9.4345101
0.738144504
0
0.963020232
10.44387457
0.556183073
0
0
0.04806522
0
2.863312322
0.916671672
0.1132965
5.208207012
41.8845456
9.506608106
12.72697524
3.4461
0
0.811958832
0.837707436
0
0.020599373
0.017166139
0.010299679
0
0.674629178
1.980973152
1.132965389
3.938772384
5.81932044
0
0.207710172
0.068664578
0.003433226
0
27.16714188
10.66274312
12.41025906
9.132389568
9.647375753
2.317430678
5.450252328
0
0.300407508
0
0
0
0
0
0
0
0
0
0
0
0.669479652
1.723479444
0
0
0
0
3.311348112
0.013732906
5.822755524
2.386094148
0.037765512
0
0.06523128
3.65638698
0
0
0
0
0.17852783
0.353622204
0.490951253
4.179097188
4.92668208
0
0
1.606748918
19.04924113
0.113296428
0
0
2.372361005
8.179666956
0
0
2.828978928
5.525781026
46.31766984
0
0
0
0
1.447105781
1.38359052
0.37250532
8.833696106
38.31823116
4.81338954
0
0
0
0
0
0
0.494384436
0.926971668
1.40419008
0.010299679
0.542450059
0.151061868
0
0
0.022315968
2.035903802
3.5362242
0
0
0
0
0
0
0
0
0
0
0
0
0
0
0
0
0
0
0
0
0
0
0
0
0
0
0
0
0
0
0
0
0
0
0
0
0
0
0
0
0
0
0
0
0
0
0
0
0
0
0
0
0
0
0
0
0
0
0
0
0
0
0
0
0
0
0
0
0
0
0
0
0
0
0
0.044631965
0
0
0
0
0
0
0
0
0
0
0
0
0
0
0
0
0
0
0
0
0
0
0
0
0
0
0
0
0
0
0
0
0
0
0
0
0
0
0
0
0
0
0
0
0
0.02746584
0
0
0
0
0
0
0
0
0
0
0
0
0
0
0
0.034332286
0.027465804
0
0.010299672
0.096130382
0.066947954
0.43602012
0
0
0
0
0
0
0
0
0
0
0
0
0
0
0
0
0
0
0.006866453
0.429153854
3.755953116
10.09712124
2.169800158
0
0
0
0
0
0
0
0
0
0
0
0
0
0
0
0
0
0
0
0
0
0
0
0
0
0
0
0
0
0
0
0
0
0
0
0
0
5.681992766
7.264711512
18.4535964
0
0
0
0
4.755019284
0
0
0
0
0
0
0
0
0
0
0
0
9.91515749
0.961303745
1.084899686
0
1.249694633
3.093338153
0.810241812
0
0.034332242
3.206637122
0
0.039482096
0
0
0.00514984
26.57661507
7.817458111
0
0
0
0
0
0
0
0
0.64201343
6.104278836
2.003287961
2.846145096
15.17143802
14.6186809
20.41912692
6.90078528
8.926388784
0.980186202
1.40418972
0.672912641
0
0
0.018882749
0
0
3.144836653
0.003433226
0
0
0.501250968
0.4943844
0.089263944
0
0
1.877974034
3.8280501
0.020599366
0
0
0
4.36362948
0.81367488
0
0.032615658
0
0
0
0
0
0.061798068
3.149987011
7.726484232
6.402973298
0.104713441
9.475706066
12.16219805
0.001716613
0.01373292
0
0
0
0
0
0
1.89514152
1.708029367
0.001716613
5.252838926
0.195693962
0.001716613
0
0
0
0.001716613
0
0
0.171661536
1.079750585
11.3845878
16.91551565
0
1.050567746
0.26779176
0.00514984
0.01373292
1.41449004
0.001716613
0
0
0
0
0
0
0.906372266
2.368926216
28.54728742
1.33895862
0.411987132
5.019377364
18.82438443
0
0
3.314782404
11.82747301
20.4311394
0
0.030899016
0
0
0.027465818
7.527355884
1.22909562
4.425434626
0.054931493
0.151062048
0
0
0.563049504
1.744079666
4.86488412
19.00635264
30.35145909
3.235817372
0
0
0.003433226
0
0
0
0
0
0
0
0
0
0
0
0
0
0
0.017166139
0
0
0
0.003433226
0
0
0
0
0
0.003433226
0
0
0
0
0
0
0
0.003433226
0
0.001716613
0
0
0
0
0
0
0
0
0
0
0
0
0
0
0
0
0.001716613
0
0
0.001716613
0
0
0
0
0
0
0.003433226
0
0
0
0
0
0
0
0
0
0
0
0
0
0
0
0
0
0
0
0
0
0
0
0
0
0
0.003433226
0
0
0
0
0
0
0
0
0
0
0
0
0
0
0
0.003433226
0
0
0
0
0
0.001716613
0
0
0
0
0
0
0
0
0
0
0.001716613
0
0
0
0
0
0
0
0
0.353622168
0.001716613
0
0.001716613
0
0
0
0
0
0
0
0
0
0
0
0
0.001716613
0
0
0
0
0
0
0
0
1.06430058
30.16604511
18.41583564
0.48408539
10.24475342
0.006866453
0
0.08926393
0.001716613
0
0.23860926
6.385800312
13.23852552
0.006866453
0
0
0
0
0
0
0
0
2.993773226
2.018738959
0
4.267505052
22.4447184
0.027465844
0
0
0
0.789641942
2.37579228
0
0
0
0
0
0
0
0
0
0
0
0
0
0.001716613
0
0
0
0
0
9.331512473
0
0
0
0
0
0
0
0.266075208
0
0
0
0
0
0
15.8031522
7.662964176
0.418853462
0.147628526
0
0
0.02403257
0
2.859877404
0.762176354
0.003433226
2.046204
0.23345946
0
0
0
0.001716613
0
0
0.015449533
3.577425012
0
0
0
0
0.930404678
0.999069372
0
0.271224878
0
0.013732913
18.34716735
8.953857936
6.883621798
0
0
0
0
2.526855804
6.699943238
0.882339653
0.842857524
0
0
0
0
9.564969902
7.5101868
0.739860487
9.46540728
1.390457052
0.631713744
0
0
0
0.010299679
7.884406512
0
0
0.003433226
1.50032038
1.345824893
19.46125236
2.650449247
4.789359662
13.5715356
0
0
0
0
0.003433226
0
0.054931666
0.037765512
0.048065191
0
0
5.999565146
0
0
0
0
0
0
0
0
0
8.462906964
11.1064932
0
16.00571048
0
0
0.57678228
3.295898892
0.405120686
0
0
0
0.010299686
0
0
0.57678228
19.23465294
3.12423498
1.598167476
0.240326179
0.147628872
5.901720192
0
0
0
0
0
0
0
0
0
0
0
0.024032585
0.010299679
0
1.761246086
7.899858893
5.42106396
0
0
0
0.068664686
0.679779144
1.6651156
0.12359628
0
0
0
0
0
0
0
0
0.61969752
0
0.048065177
0
0
0
0.003433226
0
0
0
0
0
0
0
0
0
0
0
0
0
0
0
0
0
0
0
0
0
0
0
0
0
0
0
0
0
0
0
0
0
0
0
0
0
0.003433226
0
0
0.001716613
0
0
0
0
0
0
0
0
0
0
0
0
0
0
0
0
0
0
0
0
0
0
0
0
0.082397484
0
0
0
0
0
0.001716613
0
0
0
0
0
0
0
0
0
0.001716613
0
0
0
0
0
0
0
0
0.003433226
0
0
0
0.001716613
0
0
0
0
0
0
0
0
0
0
0
0
0
0
0
0
0
0
0
0
0
0
0.001716613
0
0
0
0
0
0
0
0
0
0
0
0
0
0
0.175094712
0.631714154
0
0.1132965
0.017166146
0.058364899
0
0
0
0
0
0
0.058365
9.554670936
4.380802092
1.805877929
2.03418702
1.007651689
0
11.26785852
3.51562644
0.43773646
0.779342508
0
0.001716613
0
0
0
5.57213094
1.239395753
4.851152582
0
0
0
0.037765469
12.68749553
8.957290046
2.79121428
13.5990162
3.175734888
0
0.001716613
0
0.333023184
26.77231048
2.87704332
0.600815066
0.001716613
5.611608
8.79935796
3.105354276
0.92868827
0
0
0
0
0
0
0.003433226
0.2815245
7.335086306
7.1960436
0
7.985688696
0.06179814
0.875474352
9.195896376
0
0.001716613
0
0
0.281524716
0
0
0.700378344
6.166076364
28.25889739
0.006866453
0
0.624847565
31.83803532
27.8932387
0
0
0
0
0
0
0
0
0
0.078964272
0.163936512
1.833342444
4.561906262
8.299827266
15.33965987
0.0343323
0
0
0
0
0
0.008583062
0
0
0.424003824
0
0.001716613
0.017166139
0
4.451183964
4.810810536
3.168870048
16.94983752
63.02888617
0.001716613
10.62755658
13.48914453
10.39581605
3.5396604
0
0
0.006866453
7.299039103
0
0
0
0.108146664
0.085830746
0
0
0
0
0
0
0
0
0
0
16.01086172
0.528717146
0
0
0
0
1.16043084
1.04026788
0
3.93276114
2.81524644
0.065231316
0.013732906
0
5.077742846
0.858306665
0
0.001716613
0.001716613
0
0
0
0.394821626
0.051498425
0
0
0
0
0.873756396
0
0
0
0.254058732
0
0
0
0
0
0
0.030899059
0.801658573
7.271579844
4.22973864
0
0
0
0
0
0.54931685
2.511405198
1.43165556
0
0.030899016
0
0
0
0
1.047134246
0
0
0
0
0
0
0
0.092697156
0.04806517
0.88920599
11.02065858
25.87623372
11.09275585
15.72933312
10.82497075
13.24539332
5.369567112
0
1.01623536
0.556182806
0
8.926393874
0.151061868
2.12860512
0
0
0
0
1.9638054
0.302124082
0
0
0.001716613
0
0
0.044631965
0
0
0
0
0
0
0
0
0
0
0
0
0
0
0
0
0
0
0
0
0
0
0
0
0
0
0
0.000858308
0
0
0
0
0
0
0
0
0
0
0
0
0
0.001716613
0
0
0
0
0
0
0
0
0
0
0
0
0
0
0
0
0
0
0.001716613
0
0
0
0
0
0
0
0
0
0
0.003433226
0
0
0
0
0
0
0.003433226
0
0
0
0
0
0
0
0
0
0
0
0
0
0
0
0
0
0
0.001716613
0
0
0
0
0
0
0.001716613
0.001716613
0
0
0
0
0
0
0
0
0.003433226
0
0
0
0
0
0
0
0
0
0
0
0
0
0
0
0.001716613
0
0
0
0
0
0
0
0
0
0
0
0
0
0.006866453
0
0
0
0
0
0
0.48408498
0.884056219
0.001716613
0
0
0
3.383448696
15.09332926
1.23939522
0
0
0
1.306341468
7.956505357
3.021243552
11.51847727
14.02129008
0
3.894996636
0.43086996
0
0.55274976
0
0.688361893
6.711958746
36.25744806
3.041837737
0.017166136
0.060081484
0.027465818
0.006866449
0
0
2.304552614
5.354119404
2.200698868
0
0.001716613
0.18196092
9.7572339
40.15502305
6.739421976
0
0.001716613
4.42886436
0
0.202560361
15.21777888
17.30174832
7.33508604
0.001716613
0
0
0.001716613
3.129387192
0
0
0
0
0
0
0
0.001716613
0
0
0.528716894
54.48018852
7.99598592
1.16729789
0.065231302
0
1.532936801
9.34181064
0.242042508
0
0
2.21099688
17.78068411
0.010299686
0
0
0.029182406
0
4.4322957
6.984904558
0
0
0
0.120162953
0.001716613
0.013732913
0.188827502
0
5.827901702
22.25246355
3.230663076
0
0
0.243759348
0.030899045
12.81966944
3.905295912
4.3910982
0
0
0
0
0
0
0
0
0
0.034332278
3.999708432
40.83480727
0.020599366
0
0
0
0
0.013732913
0
0
0.765609397
0.015449526
0.00514984
0.001716613
0
0.784492477
1.167297372
0.096130382
0
0.284957676
0
0
10.97946133
14.2255764
25.40932632
11.56139352
1.253127478
9.007074036
1.696014288
0.024032585
0.130462632
3.656388924
0.006866453
0
0.001716613
0
0
0
0
0
0
0
28.41850552
5.11035876
0
17.30346624
0
0.003433226
0.001716613
0
0
4.452893546
1.119231828
0.02059938
0
0
11.35024947
0.672912605
20.396772
2.310563066
0.003433226
0.22144325
0
0.02059938
0.032615654
1.07975016
5.280304212
0
0
1.115799264
18.22700304
0
2.92167635
0
0.003433226
0
0
0
0
0
0
0.001716613
0.346755794
0.408554028
0
0.164795004
0.312423624
0
0
0
0.003433226
0
4.300111537
0.078964214
0.14076234
0.539016732
0.056648261
0.250625628
0
0
0.391388062
0
0
0
0
0.070381156
0.07553101
0.003433226
0
0.001716613
0
0
0.012016292
0
0
0
0
0
0
0
0
0
0
0
0
0
0
0
0
0
0
0
0
0.001716613
0
0
0
0
0
0.001716613
0
0
0
0
0
0
0
0
0
0
0
0
0
0
0
0
0
0
0
0
0
0
0
0
0
0
