19970101
-99
-99
-99
-99
-99
-99
-99
-99
-99
-99
-99
-99
-99
-99
-99
-99
-99
-99
-99
-99
-99
-99
-99
-99
-99
-99
-99
-99
-99
-99
-99
-99
-99
-99
-99
-99
-99
-99
-99
-99
-99
-99
-99
-99
-99
-99
-99
-99
-99
-99
-99
-99
-99
-99
-99
-99
-99
-99
-99
-99
-99
-99
-99
-99
-99
-99
-99
-99
-99
-99
-99
-99
-99
-99
-99
-99
-99
-99
-99
-99
-99
-99
-99
-99
-99
-99
-99
-99
-99
-99
-99
-99
-99
-99
-99
-99
-99
-99
-99
-99
-99
-99
-99
-99
-99
-99
-99
-99
-99
-99
-99
-99
-99
-99
-99
-99
-99
-99
-99
-99
-99
-99
-99
-99
-99
-99
-99
-99
-99
-99
-99
-99
-99
-99
-99
-99
-99
-99
-99
-99
-99
-99
-99
-99
-99
-99
-99
-99
-99
-99
-99
-99
-99
-99
-99
-99
-99
-99
-99
-99
-99
-99
-99
-99
-99
-99
-99
-99
-99
-99
-99
-99
-99
-99
-99
-99
-99
-99
-99
-99
-99
-99
-99
-99
-99
-99
-99
-99
-99
-99
-99
-99
-99
-99
-99
-99
-99
-99
-99
-99
-99
-99
-99
-99
-99
-99
-99
-99
-99
-99
-99
-99
-99
-99
-99
-99
-99
-99
-99
-99
-99
-99
-99
-99
-99
-99
-99
-99
-99
-99
-99
-99
-99
-99
-99
-99
-99
-99
-99
-99
-99
-99
-99
-99
-99
-99
-99
-99
-99
-99
-99
-99
-99
-99
-99
-99
-99
-99
-99
-99
-99
-99
-99
-99
-99
-99
-99
-99
-99
-99
-99
-99
-99
-99
-99
-99
-99
-99
-99
-99
-99
-99
-99
-99
-99
-99
-99
-99
-99
-99
-99
-99
-99
-99
-99
-99
-99
-99
-99
-99
-99
-99
-99
-99
-99
-99
-99
-99
-99
-99
-99
-99
-99
-99
-99
-99
-99
-99
-99
-99
-99
-99
-99
-99
-99
-99
-99
-99
-99
-99
-99
-99
-99
-99
-99
-99
-99
-99
-99
-99
-99
-99
-99
-99
-99
-99
-99
-99
-99
-99
-99
-99
-99
-99
-99
-99
-99
-99
-99
-99
-99
-99
-99
-99
-99
-99
-99
-99
-99
-99
-99
-99
-99
-99
-99
-99
-99
-99
-99
-99
-99
-99
-99
-99
-99
-99
-99
-99
-99
-99
-99
-99
-99
-99
-99
-99
-99
-99
-99
-99
-99
-99
-99
-99
-99
-99
-99
-99
-99
-99
-99
-99
-99
-99
-99
-99
-99
-99
-99
-99
-99
-99
-99
-99
-99
-99
-99
-99
-99
-99
-99
-99
-99
-99
-99
-99
-99
-99
-99
-99
-99
-99
-99
-99
-99
-99
-99
-99
-99
-99
-99
-99
-99
-99
-99
-99
-99
-99
-99
-99
-99
-99
-99
-99
-99
-99
-99
-99
-99
-99
-99
-99
-99
-99
-99
-99
-99
-99
-99
-99
-99
-99
-99
-99
-99
-99
-99
-99
-99
-99
-99
-99
-99
-99
-99
-99
-99
-99
-99
-99
-99
-99
-99
-99
-99
-99
-99
-99
-99
-99
-99
-99
-99
-99
-99
-99
-99
-99
-99
-99
-99
-99
-99
-99
-99
-99
-99
-99
-99
-99
-99
-99
-99
-99
-99
-99
-99
-99
-99
-99
-99
-99
-99
-99
-99
-99
-99
-99
-99
-99
-99
-99
-99
-99
-99
-99
-99
-99
-99
-99
-99
-99
-99
-99
-99
-99
-99
-99
-99
-99
-99
-99
-99
-99
-99
-99
-99
-99
-99
-99
-99
-99
-99
-99
-99
-99
-99
-99
-99
-99
-99
-99
-99
-99
-99
-99
-99
-99
-99
-99
-99
-99
-99
-99
-99
-99
-99
-99
-99
-99
-99
-99
-99
-99
-99
-99
-99
-99
-99
-99
-99
-99
-99
-99
-99
-99
-99
-99
-99
-99
-99
-99
-99
-99
-99
-99
-99
-99
-99
-99
-99
-99
-99
-99
-99
-99
-99
-99
-99
-99
-99
-99
-99
-99
-99
-99
-99
-99
-99
-99
-99
-99
-99
-99
-99
-99
-99
-99
-99
-99
-99
-99
-99
-99
-99
-99
-99
-99
-99
-99
-99
-99
-99
-99
-99
-99
-99
-99
-99
-99
-99
-99
-99
-99
-99
-99
-99
-99
-99
-99
-99
-99
-99
-99
-99
-99
-99
-99
-99
-99
-99
-99
-99
-99
-99
-99
-99
-99
-99
-99
-99
-99
-99
-99
-99
-99
-99
-99
-99
-99
0
0
0
0
0
0
4.2
0
110
13.5
0
0
0
0
0
16.5
6
5
0
0
14
0
0
2.5
0
0
0
0
0
0
0
0
0
0
0
2
29.5
9
0
0
0
0
0
0
0
0
0
7
24
0
40
0
0
0
0
0
0
0
0
0
5.5
4
4
0
0
0
0
0
0
0
0
2
0
0
0
0
0
0
4
15
0
0
0
0
0
0
0
0
0
3
5.5
0
0
0
0
0
0
0
0
0
0
0
0
0
0
0
0
0
0
0
0
0
0
0
0
0
0
0
0
0
0
0
0
0
0
0
0
0
0
0
0
0
0
0
0
0
0
0
0
0
0
0
0
0
0
0
0
0
0
0
0
0
0
0
0
0
0
0
0
0
0
0
0
0
0
0
0
0
0
0
0
0
0
0
0
0
0
0
0
0
0
0
0
0
0
0
0
0
0
0
0
0
0
0
0
0
0
0
0
0
0
0
0
0
0
0
0
0
0
0
0
0
0
0
0
0
0
0
0
0
0
0
0
0
0
0
0
0
0
0
0
0
0
0
0
0
0
0
0
0
0
0
0
0
0
0
0
0
0
0
0
0
0
0
0
0
0
0
0
0
0
0
0
0
0
0
0
0
0
0
0
0
0
0
0
0
0
0
0
0
0
0
0
0
0
0
0
0
0
0
0
0
0
0
0
0
0
0
0
0
5
0
0
0.1
0
1
0
0
0
0
0
41
0
0
0
0
0
0
0
0
0
0
0
0
0
0
0
0
0
0
0
1.5
0
0
0
9
0
0
0
0
0
0
0
7
14.5
0
0
8.5
0
2
0
0
0
0
0
0
0
0
0
0
0
0
0
0
0
0
0
0
6
42
52
0
0
0
0
0
0
0
0
0
0
0
0
6
0
9
0
0
0
0
0
7
4.5
16
0
0
0
0
0
0
0
9
0
0
0
0
0
14.5
0
23.5
0
0
0
0
0
0
0
0
0
0
0
0
0
0
0
0
0
0
0
0
0
0
0
0
0
0
0
0
0
0
0
0
0
0
0
0
0
0
1
21
0
0
0
0
0
0
0
0
0
0
0
0
0
0
0
10
0
0
0
0
0
0
0
0
0
0
5
0
0
0
0
0
0
0
0
0
0
0
0
0
0
3
0
0
2.5
0
0
0
0
0
0
0
0
0
0
0
0
0
0
0
0
0
0
0
0
0
0
0
0
0
0
0
0
0
0
0
0
0
0
0
0
0
0
0
0
0
0
0
0
0
0
0
0
0
0
0
0
0
0
0
0
0
0
0
0
0
0
0
0
0
0
0
0
0
0
0
0
0
0
0
0
0
0
0
0
0
0
0
0
0
0
0
0
0
0
0
0
0
0
0
0
0
0
0
0
0
0
0
0
0
0
0
0
0
0
0
0
0
0
0
0
0
0
0
0
0
0
0
0
0
0
0
0
0
0
0
0
0
0
0
0
0
0
0
0
0
0
0
0
0
0
0
0
0
0
0
0
0
0
0
0
0
0
1
19
6
0
0
0
0
0
0
0
0
0
0
0
0
0
0
0
2
0
0
2.5
0
0
0
0
0
0
0
0
0
0
0
0
0
4.5
44
0
0
0
0
0
0
0
0
0
0
15.5
0
12
0
0
0
0
0
3
8
5
26.5
2.5
0
23
6
0
0
0
0
4
16
0
0
12
0
0
0
0
0
0
0
0
12
23
0
0
0
0
0
0
0
0
0
0
0
0
0
0
9.5
0
0
0
4
11.5
0
29
0
0
0
0
0
0
0
0
0
0
0
0
0
3
7
8
0
0
0
8
0
0
5
0
0
0
0
0
0
0
0
0
0
0
0
0
0
0
0
0
10
9
15
0
0
0
0
14.5
3
0
0
0
0
0
0
0
14
53
0
0
0
0
0
0
0
0
0
0
0
5
16
0
5
0
0
0
0
0
0
0
0
0
0
0
0
0
0
0
0
0
0
0
0
0
0
2
0
0
3
0
0
0
0
0
0
0
0
0
0
0
0
0
0
0
0
0
0
0
0
0
0
0
0
0
0
0
0
0
0
0
0
0
0
0
0
0
0
0
0
0
0
0
0
0
0
0
0
0
0
0
0
0
0
0
0
0
0
0
0
0
0
0
0
0
0
0
0
0
0
0
0
0
0
0
0
0
0
0
0
0
0
0
0
0
0
0
0
0
0
0
0
0
0
0
0
0
0
0
0
0
0
0
0
0
0
0
0
0
0
0
0
0
0
0
0
0
0
0
0
0
0
0
0
0
0
0
0
0
0
0
0
0
0
0
0
0
0
0
0
0
0
0
0
0
0
0
0
0
0
0
0
0
0
0
0
0
0
0
0
0
0
0
0
0
0
0
0
0
0
0
0
0
0
3
12
0
0
0
0
0
0
0
0
0
1.5
0
0
0
0
0
0
0
0
0
0
11
0
0
0
0
2
0
0
0
0
0
0
0
16
0
0
27
0
0
0
6
0
0
0
0
0
0
0
0
0
0
20
0
0
0
0
0
0
0
0
0
7
6
0
0
3.5
6
36
0
7
25
0
0
0
11
13
0
0
0
0
0
0
0
0
0
0
27
0
0
0
0
8
23
0
0
0
0
0
0
0
0
0
0
0
0
0
3
5
33
0
0
0
3
27
3.5
0
0
0
0
0
0
0
0
0
0
0
0
0
0
0
0
0
0
0
0
0
0
0
0
31
18
17.5
0
0
17
4
0
0
0
0
0
14
8
0
0
0
5
3
2
0
2.5
0
0
7.5
3.5
2
3
2
0
1
1.5
10.5
37
6
3.5
0
0
0
0
0
0
0
0
0
0
0
0
0
0
0
0
0
0
0
0
0
0
0
0
0
0
0
0
0
0
0
0
0
0
0
0
0
0
0
0
0
0
0
0
0
0
0
0
0
0
0
0
0
0
0
0
0
0
0
0
0
0
0
0
0
0
0
0
0
0
0
0
0
0
0
0
0
0
0
0
0
0
0
0
0
0
0
0
0
0
0
0
0
0
0
0
0
0
0
0
0
0
0
0
0
0
0
0
0
0
0
0
0
0
0
0
0
0
0
0
0
0
0
0
0
0
0
0
0
0
0
0
0
0
0
0
0
0
0
0
0
0
0
0
0
0
0
0
0
0
0
0
0
0
0
0
0
0
0
0
0
0
0
0
0
0
0
0
0
0
0
0
0
0
0
0
0
0
0
0
0
3
0
0
0
0
0
0
0
0
0
8
3
26.5
13
0
0
0
12.5
8
0
0
0
0
0
0
0
0
0
0
0
0
0
0
0
0
0
19.5
15
0
0
0
0
22
0
0
0
0
0
0
0
0
3
0
8
10
0
0
0
0
0
6
4
6.5
6
0
0
3
11
0
0
0
0
0
0
0
0
1.5
9
0
0
0
0
0
0
0
0
0
5
11
0
0
5
0
19
24
0
0
0
0
0
17.5
3.5
0
0
0
0
0
7
0
0
0
0
0
0
2
0
10
0
5
8
0
2
0
11
0
0
0
0
27
2
1
0
0
0
0
0
0
1
7
0
0
0
0
0
15
0
0
0
0
0
0
0
0
0
0
0
0
44
14
0
0
0
0
0
0
0
0
0
0
0
0
0
0
0
0
0
0
0
0
3
0
0
0
3
0
0
0
2
5
10
0
0
0
0
0
0
0
0
0
0
0
0
0
0
0
0
0
0
0
0
0
0
0
0
0
0
0
0
0
0
0
0
0
3
0
0
0
0
0
0
0
0
0
0
0
0
0
0
0
0
0
0
0
0
0
0
0
0
0
0
0
0
0
0
0
0
0
0
0
0
0
0
0
0
0
0
0
0
0
0
0
0
0
0
0
0
0
0
0
0
0
0
0
0
0
0
0
0
0
0
0
0
0
0
0
0
0
0
0
0
0
0
0
0
0
0
0
0
0
0
0
0
0
0
0
0
0
0
0
0
0
0
0
0
0
0
0
0
0
0
0
0
0
0
0
0
0
0
0
0
0
0
0
0
0
0
0
0
0
2
0
0
0
0
0
0
0
0
0
0
0
0
0
0
0
0
0
0
0
0
0
0
0
0
0
13.5
0
0
0
0
0
0
0
0
0
0
8
25.5
0
0
0
0
0
0
0
0
0
0
0
0
0
0
0.1
21.7
5.3
53.5
1.3
0
0
25.5
4.5
0.4
42.1
0
0
0
0
0
0
0
0
0
0
4.2
8.3
4.7
0
0
0
21.4
0
0
2.7
24.5
0
0
0
0
0
1.3
17.4
0
0
0
44.5
0
0
0
0
9.9
42
1.9
2.1
0
0
0
0
0
0
0
0.5
19.5
2
22
0.3
11.1
0
0
0
0
15
0
0
0
7.8
10.4
0
0
0
2.4
1.2
0
0.1
0
0
0
0
0
0
0
0
0
0
0
0
0
0
0
0
0
0
0
0
0
0
0
0
0
0
0
0
0
0
0
0
0
3
2.5
0
0
0
0
0
0
0
0
0
0
9.3
0
0
0.1
15.1
0
0
0
0
0
0
0.1
0.2
0
0
0
0
4
0
3
4.5
0
2
14
7.5
2
0
0
0
0
1
1
31.6
7.2
0
0
0
0
0
0
0
0
0
0
0
0
0
0
0
0
0
0
0
0
0
0
0
0
0
0
0
0
0
0
0
0
0
0
0
0
0
0
0
0
0
0
0
0
0
0
0
0
0
0
0
0
0
0
0
0
0
0
0
0
0
0
0
0
0
0
0
0
0
0
0
0
0
0
0
0
0
0
0
0
0
0
0
0
0
0
0
0
0
0
0
0
0
0
0
0
0
0
0
0
0
0
0
0
0
0
0
0
0
0
0
0
0
0
0
0
0
0
0
0
0
0
0
0
0
0
0
0
0
0
0
0
0
0
0
0
0
0
0
0
0
0
0
0
0
0
0
0
0
0
0
0
0
0
0
0
0
0
0
0
0
0
0
0
0
0
0
0
0
0
0
0
0
0
0
0
0
0
0
0
0
1.9
0
22.4
0.5
0
0
0
6
5.1
19.4
0
0
0
0
0
0
3
30
0
0
0
0
17
0
0
0
0
0
0
0
0
0
0
0
0
0
0
0
11.6
0
0
18
6
0
0
0
0
0
0
5
0
0
0
0
17.3
13.5
0
0
0
0
0
0
0
4.8
0
0
7.6
4.4
0
0
13.3
4.5
0
0
0
0
0
0
5.6
22
0
0
3.8
41
5
11
0
0
0
0
0
0
0
3
0
20.3
1.7
13.2
31.3
11.5
29.4
8.2
0
0
0
0
0
0
0
0
0
0
8
17
0
0
0
0
0
0
0
0
0
28.1
30.2
0
0
0
5.7
62.5
66.8
6.9
0
0
0
0
0
0
0
0
0
0
0
0
0
0
0
0
0
0
3.6
0
0
0
0
0
0
0
0
0
0
0
0
0
0
0
7.2
0
0
0
0
0
0
0
0
0
21
4
0
0
0
0
0
3.4
0
0
0
0
0
0
0
0
0
0
0
0
0
0
0
0
0
0
0
0
0
0
0
0
0
0
0
0
0
0
0
0
0
0
0
0
0
0
0
0
0
0
0
0
0
0
0
0
0
0
0
0
0
0
0
0
0
0
0
0
0
0
0
0
0
0
0
0
0
0
0
0
0
0
0
0
0
0
0
0
0
0
0
0
0
0
0
0
0
0
0
0
0
0
0
0
0
0
0
0
0
0
0
0
0
0
0
0
0
0
0
0
0
0
0
0
0
0
0
0
0
0
0
0
0
0
0
0
0
0
0
0
0
0
0
0
0
0
0
0
0
0
0
0
0
0
0
0
0
0
0
0
0
0
0
0
0
0
0
0
0
0
0
0
0
0
0
0
0
0
0
0
0
0
0
0
0
0
0
0
0
0.5
0
0
0
0
0
0
0
0
0
0
0
0
0
0
21
16
0
0
0
0
0
0
0
0
0
0
0
0
0
0
0
0
0
0
0
0
0
0
0
0
0
0
0
0
10.5
6
0
0
0
0
3.5
20
2
0
8.5
0
0
0
0
0
0
0
0
0
0
0
27.3
25.2
0
0
17.3
0
4.2
0
0
0
0
0
0
0
17
0
0
4
28
25
11
0
0
0
0
0
5
74
42
0
0
7
9
4
0
0
0
0
8
8
15.5
15
0
0
0
0
4
0
0
0
0
2
3
0
0
0
0
0
0
0
0
0
0
0
0
0
0
0
0
0
0
0
0
0
0
0
0
0
0
0
0
0
0
0
0
16.3
8.1
0
0
0
0
0
0
0
0
0
16
0
0
0
0
0
0
0
0
7
9.1
0
0
0
0
10
0
0
0
0
0
9
5
0
0
0
18
20
5
0
0
0
0
0
0
0
0
0
0
0
0
0
0
0
0
0
0
0
0
0
0
0
0
0
0
0
0
0
0
0
0
0
0
0
0
0
0
0
0
0
0
0
0
0
0
0
0
0
0
0
0
0
0
0
0
0
0
0
0
0
0
0
0
0
0
0
0
0
0
0
0
0
0
0
0
0
0
0
0
0
0
0
0
0
0
0
0
0
0
0
0
0
0
0
0
0
0
0
0
0
0
0
0
0
0
0
0
0
0
0
0
0
0
0
0
0
0
0
0
0
0
0
0
0
0
0
0
0
0
0
0
0
0
0
0
0
0
0
0
0
0
0
0
0
0
0
0
0
0
0
0
0
0
0
5
7
3
0
0
0
0
0
0
4
4
3
12
1
0
3
13
7
15
8
0
0
2
36
2
5.5
0
0
0
0
2
0
0
0
0
0
0
7.5
0
0
0
0
0
0
0
0
0
0
0
0
0
0
0
0
14.5
3
0
0
13
3
11.5
0
0
0
0.5
0
0
0
0
0
12
0
0
0
0
0
0
0
0
0
0
0
0
0
6.5
1
3.5
0
0
0
7.7
11.5
0
0
0
0
0
0
0
0.5
0
0
0
0
0
0
0
0
0
1.5
0
0
1
80.5
0
8
5.5
0
0
0
0
0
0
11.5
0
20.5
0
0
3
0
0
3
0
0
0
3.5
0
0
0
8.5
0
0
0
0
0
0
0
0
0
0
0
0
0
2
10
0
0
0
0
0
0
0
6
12
15
0
0
0
0
0
0
0
0
0
0
0
0
0
5
6
0
0
18
18
0
0
0
0
0
0
0
0
0
5
0
4
0
5
0
0
0
0
0
0
0
0
0
0
0
0
0
0
0
0
0
0
2
0
0
0
0
0
0
0
0
0
0
0
0
0
0
0
0
0
0
0
0
0
0
0
0
0
0
0
0
0
0
0
0
0
0
0
0
0
0
0
0
0
0
0
0
0
0
0
0
0
0
0
0
0
0
0
0
0
0
0
0
0
0
0
0
0
0
0
0
0
0
0
0
0
0
0
0
0
0
0
0
0
0
0
0
0
0
0
0
0
0
0
0
0
0
0
0
0
0
0
0
0
0
0
0
0
0
0
0
0
0
0
0
0
0
0
0
0
0
0
0
0
0
0
0
0
0
0
0
0
0
0
0
0
0
0
0
0
0
0
0
0
0
0
0
0
0
0
0
0
0
0
0
0
0
0
0
0
0
0
0
0
0
0
0
0
0
0
0
0
0
0
0
0
0
0
0
0
0
0
0
0
0
0
0
0
0
0
0
0
0
0
0
0
0
0
0
0
7.5
7
0
1
4.5
40
5
0
0
0
0
0
0
0
0
0
0
0
3.5
0
0
0
0
0
0
0
0
0
0
0
0
1.5
8
0
0
3.5
0
0
0
0
19
2
0
0
0
0
0
0
0
0
0
0
2
7.5
0
4.5
5
0
0
3.5
1
0
0
0
0
0
0
0
0
0
0
1
0
0
1.5
6
0
0
0
0
0
0
0
0
0
0
6.5
15
0
0
0
0
0
0
0
0
0
0
0
0
0
0
0
0
3
0
0
0
0
0
0
0
0
0
0
0
0
0
0
0
0
0
0
0
0
0
0
0
0
0
0
0
0
0
0
0
0
0
0
0
0
0
0
0
0
0
0
0
0
0
7.5
0
0
0
0
0
0
0
0
0
0
0
0
0
0
0
0
0
0
0
0
0
0
0
0
0
0
0
0
0
0
0
0
0
0
0
0
0
0
0
0
0
0
0
0
0
0
0
0
0
0
0
0
0
0
0
0
0
0
0
0
0
0
0
0
0
0
0
0
0
0
0
0
0
0
0
0
0
0
0
0
0
0
0
0
0
0
0
0
0
0
0
0
0
0
0
0
0
0
0
0
0
0
0
0
0
0
0
0
0
0
0
0
0
0
0
0
0
0
0
0
0
0
0
0
0
5.5
0
0
0
0
5
16
2
0
0
0
0
0
0
0
0
0
0
0
0
0
0
0
0
0
0
0
0
0
0
0
0
0
0
0
0
0
0
0
0
0
0
0
0
0
0
0
0
0
0
0
0
2
30.5
2
0
1.5
3.5
16.5
20.5
0
0
0
0
0
0
0
0
0
0
0
0
0
0
0
0
0
0
0
4.3
0
6
12.7
0
0
0
0
0
33
0
0
0
0
0
0
0
0
0
0
0
0
0
0
0
0
0
0
0
0
0
0
0
17.5
0
0
0
0
0
0
0
0.5
0
0
0
0
0
0
0
0
0
0
5
0
0
0
0
0
0
0
0
0
3.5
0
0
0
0
0
0
0
0
0.5
0
0
0
0
0
1
1
0
0
0
43.7
2.5
0
0
0
0
0
0
0
0
0
0
0
0
0
0
0
1
0
0.5
2
0
0
0
0
0
0
12.5
0
0
0
4
0
0
0
0
0
0
0
0
0
0
0
0
0
0
0
0
4
0
0
0
0
0
22
0
24
0
0
0
3.7
0
0
0
0
0
0.5
0
0
0
0
0
0
0
0
0
0
0
0
0.3
0
0
0
1
0
0
0
0
0
0
0
0
0
0
0
0
0
0
0
0
0
0
0
0
0
0
0
0
0
0
0
0
0
0
0
0
0
0
0
0
0
0
0
0
0
0
0
0
0
0
0
0
0
0
0
0
0
0
0
0
0
0
0
0
0
0
0
0
0
0
0
0
0
0
0
0
0
0
0
0
0
0
0
0
0
0
0
0
0
0
0
0
0
0
0
0
0
0
0
0
0
0
0
0
0
0
0
0
0
0
0
0
0
0
0
0
0
0
0
0
0
0
0
0
0
0
0
0
0
0
0
0
0
0
0
0
0
0
0
0
0
13
0
0
0
0
0
0
0
0
0
0
0
0
0
0
0
0
0
0
0
0
0
0
0
0
0
0
0
0
0
0
0
0
17.5
5
11.8
0
0
21.5
5.7
0
15
0
10
1.5
0
0
0
0
0
0
0
0
0
0
0.5
0
0
25.5
1
16
0
0
0
0
0
5
1
0
3.5
0
0
0
0
0
0
0
12.5
5
0
0
0
0
0
2
0
0
0
8
0
0
0
0
0
0
0
0
0
0
0
0
0
20
1
0
0
0
0
0
0
0
0
0
0
0
0
0
1.5
2.5
0
0
3.5
6
34
0
0
0
8
4
0
0
0
0
3
0
0
4
13
1
6.5
0
0
0
0
0
0
0
0
0
0
2
0
0
6
0
0
0
0
0
28.5
25
16.5
10
10.5
0
0
0
0
0
0
0
0
0
0
0
0
0
0
0.5
0
2
0
0
0
0
0
0
3
9.5
0
0
0
16.5
0
0
0
0
0
0
0
7.5
0
0
0
0
24
0
0
0
22.5
0
0
0
0
4.5
8.5
0
0
0
0
2.5
1
0
0.5
47
11
0
0
0
0
0
0
0
0
0
0
0
0
0
0
0
0
0
0
0
0
0
0
0
0
0
0
0
0
0
0
0
0
2
0
0
0
0
0
0
0
0
0
0
0
0
0
0
0
0
0
0
0
0
0
0
0
0
0
0
0
0
0
0
0
0
0
0
0
0
0
0
0
0
0
0
0
0
0
0
0
0
0
0
0
0
0
0
0
0
0
0.5
0
0.5
0
0
0
0
0
0
0
0
0
0
0
0.5
0
0.5
0
0
0
0
0
0
0
0
0
0
0
0
0
0
0
0
0
0
0
0
0
0
0
0
0
0
0
0
0
0
0
0
0
0
0
0
0
0
0
0
0
0
0
0
0
0
0
0
0
0
0
1
0
0
0
0
0
0
0
0
0
0
0
0
0
0
0
0
0
0
0
0
0
0
0
2
15
0
0
0
0
0
0
0
0
0
0
0
0
0
0
0
0
0
0
0
0
0
0
0
0
0
0
0
0
0
0
0
0
0
0
0
0
0
0
12
24.5
0
0
0
0
3
0
0
0
0
0
0
0
0
0
0
0
0
5
30
0
0
3
2
0
0
0
1.5
0
0
0
0
0
29.5
24
0
0
0
0
0
0
0
0
0
42
0
0
9.3
31.7
31
1
3
1.5
0
0.5
0
0
6.5
1.5
0
4
0.5
0
0
0
0
6.5
0
0
0
0
4.5
0
0
0
0.5
8
0
0
0
0
0
0
0
0
4
2.5
0
0
0
2
0
0
0
0
0
0
0
0
0
12
0
11
16
0
0
0
0
0
0
0
0
0
0
5.5
0
0
0
0
0
0
2.5
0
0
0
0
0
0
0.5
5
30
0
0.5
3
2
2.8
0
0
6.5
31.5
7
0
0
0
0
0
0
3
0
0
0
0
0
0
0
1.5
0.5
0
0
0
0
0
0
0
0
0
0
0
0
0
0
0
0
0
0
0
0
0
0
0
0
0
0
0
0
0
0
0
0
0
0
0
0
0
0
0
0
0
0
0
0
0
0
0
0
0
0
0
0
0
0
0
0
0
0
0
0
0
0
0
0
0
0
0
0
0
0
0
0
0
0
0
0
0
0
0
0
0
0
0
0
0
0
0
0
0
0
0
0
0
0
0
0
0
0
0
0
0
0
0
0
0
0
0
0
0
0
0
0
0
0
0
0
0
0
0
0
0
0
0
0
0
0
0
0
0
0
0
0
0
0
0
0
0
0
0
0
0
0
0
0
0
0
0
0
0
0
0
0
0
0
0
0
0
0
0
1
5.5
4.5
2
12
7
0
0
0
0
0
0
0.5
0
0
0
0
0
0
0
0
0
0
2.5
0
0
1
0
0
0
0
2.5
0
0
0
0
0
0
0
0
0
0
0
0
0
0
0
0
0
0
0
0
0
0
0
0
0
0
0
0
0
1
0
0
0
0
0
4
3
6.5
0
0
0
0
0
0
0
0
0.5
0
0
0
0
0
0
0
0
5.5
0
0
0
0
0
1
0
0
0
0
9.5
7.5
14.5
0
0
0
0
0
4
0
0
0
0
0
0
6
4
1
7.5
0
0
0
0
0
0
0
0
0
0
0
0
20
3.5
0
2.5
0
0
0
0
0
0
0
0
0
0
0
0
0
0
0
0
0
0
0
0
0
3.5
11.5
0
5.5
0
0
0
11.5
1
1.5
0
0
0
0
0
0
7.5
3.5
6
1
0
6
1.5
0
0
0
0
0
0
0
0
0
0
0
0
0
0
0
5.5
0
0
0
0
0
0
0
0
0
0
0
0
0
0
0
0
0
0
0
0
0
0
0
0
0
0
0
0
0
0
0
0
0
0
0
0
0
0
0
0
0
0
0
0
0
0
0
0
0
0
0
0
0
0
0
0
0
0
0
0
0
0
0
0
0
0
0
0
0
0
0
0
0
0
0
0
0
0
0
0
0
0
0
0
0
0
0
0
0
0
0
0
0
0
0
0
0
0
0
0
0
0
0
0
0
0
0
0
0
0
0
0
0
0
0
0
0
0
0
0
0
0
0
0
0
0
0
0
0
0
0
0
0
0
0
0
0
0
0
0
0
0
0
0
0
0
0
0
0
0
0
0
0
0
0
0
0
0
0
0
0
0
0
0
0
0
0
2.5
0.5
0
0
0
0
0
5
17.5
0
0
0
0
0
0
0
0
0
0
0
0
0
1.5
6.5
13
25
4
0
0
0
0
22.5
0
0
0
9.5
20
0.5
10.5
0
0
0
0
0
0
0
0
0
1.5
0
4.5
7.5
0
8
0
0
0
0
0
0
0
0
0.5
10
10
0
0
2
24.5
0
0
0
0
0
0
0
0
0
0
0
0
0
3.5
10
40
2
0
0
0
0
0
0
0
0
0
0
0
0
0
0
0
3
13.5
74.5
0
6
2.5
7.2
6.6
0
0
0
2.5
0
0
0
0
0
0
0
0
0
0
0
0
0
0
0
8.5
0
0
0
0
0
0
0
0
0
0
0
0
0
0
0
0
0
0
0
0
0
0
0
0
0
0
0
0
0
0
0
0
0
0
0
0
0
0
0
0
5.5
0
0
0
0
0
0
1
0
0
0
0
0
0
0
0
0
0
0
0
0
0
0
0
0
0
1.5
23
17
17.5
8.5
2
0.5
0
0
0
0
0
0
0
0
0
0
0
5
1.5
0
0
0
0
0
0
0
0
0
0
0
0
0
0
0
0
0
0
0
0
0
0
0
0
0
0
0
0
0
0
0
0
0
0
0
0
0
0
0
0
0
0
0
0
0
0
0
0
0
0
0
0
0
0
0
0
0
0
0
0
0
0
0
0
0
0
0
0
0
0
0
0
0
0
0
0
0
0
0
0
0
0
0
0
0
0
0
0
0
0
0
0
0
0
0
0
0
0
0
0
0
0
0
0
0
0
0
0
0
0
0
0
0
0
0
0
0
0
0
0
0
0
0
0
0
0
0
0
0
0
0
0
0
0
0
0
0
0
0
0
0
0
0
0
0
0
0
0
0
0
0
0
0
0
0
0
0
0
1
0
0
0
0
0
21
5
0
0
0
0
5
5.5
2.5
11
1.5
16.5
0
0
0
0
0
0
40
0
0
0
0
0
0
0
0
0
0
0
0
0
4
42
6.5
0
0
6.5
0
0
2.5
29.5
0
0
0
0
0
3
0
0
0
0
0
0
0
0
0
0
0
4.5
23
2.5
0
0
6
8.5
0
0
0
0
14.5
0
0
0
0
0
0
22.5
0
0
0
0
0
0
0
0
25.5
28
15.5
0
0
0
0
7
4.5
0
0
0
0
0
0
0
0
0
0
0
2.5
5
0
0
0
0
0
0
0
0
0
0
0
0
0
0.5
8.5
1
0
0
0
5.5
7.5
20
20
10
2
3
1
0
0
2
1
0
0
0
0
0
0
0
0
0
12.5
0
0
20
3
0
0
0
0
1
4
0
0
0
3
8
0
0
0
0
0
0
0
5
0
0
0
0
4
0
9
0
0
0
0
0
0
0
0
0
0
0
0
0
0
0
0
0
0
0
0
0
0
0
0
0
0
0
0
0
0
0
1
0
0
0
0
0
0
0
0
0
0
0
0
0
0
0
0
0
0
0
0
0
0
0
0
0
0
0
0
0
0
0
0
0
0
0
0
0
0
0
0
0
0
0
0
0
0
0
0
0
0
0
0
0
0
0
0
0
0
0
0
0
0
0
0
0
0
0
0
0
0
0
0
0
0
0
0
0
0
0
0
0
0
0
0
0
0
0
0
0
0
0
0
0
0
0
0
0
0
0
0
0
0
0
0
0
0
0
0
0
0
0
0
0
0
0
0
0
0
0
0
0
0
0
0
0
0
0
0
0
0
0
0
0
0
0.5
0
0
12
9
0
0
13
40
0
0
0
0
0
0
1.5
2.5
5.5
17.5
1.3
18.2
0
0
0
0
0
0
0
0
0
0
0
0
0
0
0
15.6
0
0
0
11
0
1.3
42.5
8.6
0
0
0
0
0
0
0
0
0
0
0
0
0
2.7
0
0
0
0
0
0
0
0
0
1.5
0
0
7
3.5
0
0
1.3
0
0
0
0
1
0
0
0
0
0
0
4.5
0
2.5
0
0
0
0
0
11
0
0
0
0
0
0
0
0
0
0
0
0.5
1
8.5
7.4
0
0
0
0
0
0
0
0
0
0
0
0.8
0
0
0
1
0
0
0
20
8.5
6.5
0
0
4
0
0
0
0
0
0
0
0
0
0
0
2.5
0
0
0
4.5
0
0
0
0
14.7
1.5
25.5
0
11
4
0
1
0
0
0
4
4
0
0
0
0
0
0
0
0
0
0
0
8
0
0
0
0
0
0
0
0
0
0
0
0
0
0
0
0
0
0
0
0
0
0
0
2
0
0
0
0
6
0
0
0
0
0
0
0
0
0
0
0
0
0
0
0
0
0
0
0
0
0
0
0
0
0
0
0
0
0
0
0
0
0
0
0
0
0
0
0
0
0
0
0
0
0
0
0
0
0
0
0
0
0
0
0
0
0
0
0
0
0
0
0
0
0
0
0
0
0
0
0
5
0
0
0
0
0
0
0
0
0
0
0
0
0
0
0
0
0
0
0
0
0
0
0
0
0
0
0
0
0
0
0
0
0
0
0
0
0
0
0
0
0
0
0
0
0
0
0
0
0
7.5
0
0
0
0.5
0
0
0
0
0
0
0
0
0
0
0
0
0
0
0
0
0
0
0
0
0
0
0
0.5
0
0
0
0
0
0
0
0
0
0
0
0
0
0
2
0
0
0
0
12
59
104
48
0
0
0
0
0
12.5
25
0.5
0
0
18.4
8.7
0
0
0
0
0
0
37.5
0
0
0
0
0
0
0
0
0
0
0
0
1.5
25.3
0
17.5
0
3
0
0
0
0
0
0
0
28.5
15
0
0
2.5
0
0
0
0
0
5.5
0
0
0
0
0
29.5
0
8.7
2.5
0
0
0
0
0
17.5
15
1
0
0
0
0
0
0
0
0
4.5
0
0
1
40.5
0.5
0
3.5
0
0
0
0
0
0
0
0
0
0
0
3.5
8
0
0
1.5
0
0
0
0
0
0
0
0
0
0
0
26
1.5
0
0
0
4.5
0
0
0
0
6
0
0
0
0
0
0
0.5
0
0
4.3
18.8
0.5
2.5
0
0
0
0
0
0
0
0
0.5
26.5
4.5
21.5
0
0
0
1.5
0
0
0
0
0
0
0
0
5.5
64
45.2
14.5
20.5
0
0
0
0
0
0
0
0
0
0
0
0
0
6.5
5.5
0
0.5
0
0
0
10.5
0
0
0
0
0
3.5
0
0
0
0
0
0
0
0
0
0
0
0
0
0
0
0
0
0
0
0
0
0
0
0
0
0
0
0
0
0
0
0
0
0
0
0
0
0
0
0
0
0
0
0
0
0
0
0
0
0
0
0
0
0
0
0
0
0
0
0
0
0
0
0
0
0
0
0
0
0
0
0
0
0
0
0
0
0
0
0
0
0
0
0
0
0
0
0
0
0
0
0
0
0
0
0
0
0
0
0
0
0
0
0
0
0
0
0
0
0
0
0
0
0
0
0
0
0
0
0
0
0
0
0
0
0
0
0
0
0
0
0
0
0
0
0
0
0
0
0
0
0
0
0
0
0
0
0
0
0
0
0
0
0
0
0
0
0
0
0
0
0
0
0
0
0
0
0
0
0
0
0
0
1.5
0
1
0
0
0
0
0
0
0
0
0
0
0
0
0
0
0
0
0
0
0
0
0
0
0
0
0
0
18.5
10.5
0
0
0
0
0
0
0
0
0
0
0
0
9.5
0
0
0
0
0.5
0
0
0
22.3
35.7
0
4.2
1.5
0
0
0
0
0
0
0
0
0
0
0
0
0
0
0
0
0
0.7
8
0
0
0
0
0
2
0
0
0
0
56
23
0.5
0
0
0
0.5
0
0
0
0
0
0
3
1
0
0
8
0
2.5
0.5
0.5
0
0
0
0
0
0
0
0
0
0
0
0
0
0
6.5
0
0
0
0
0
0
0
0
1.5
0
0
0
17
0
23
45.5
0
0
0
3
0
0
0
0
0
0
0
6.5
0
0
0
0
2
2
0
0
0
0
0
0
0
0
0
0
0
0
0
0
0
0
0
0
0
0
0
0
0
0
0
0
0
0
0
0
0
0
0
0
0
0
0
0
0
0
0
0
0
0
0
0
0
0
0
0
0
0
0
0
0
0
0
0
0
0
0
0
0
0
0
0
0
0
0
0
0
0
0
0
0
0
0
0
0
0
0
0
0
0
0
0
0
0
0
0
0
0
0
0
0
0
0
0
0
0
0
0
0
0
0
0
0
0
0
0
0
0
0
0
0
0
0
0
0
0
0
0
0
0
0
0
0
0
0
0
0
0
0
0
0
0
0
0
0
0
0
0
0
0
0
0
0
0
0
0
0
0
0
0
0
0
0
0
0
0
0
0
0
0
0
0
0
0
0
0
0
0
0
0
0
0
1.5
0
0
0
3.5
0
0
0
0
0
0
0
0
0
0
0
0
0
0
0
0
26.5
15
7.5
0
0
0
0
0
0
0
0
0
0
0
0
0
12
0
0
0
0
0
0
0
0
0
0
0
0
0
0
0
0
0
1.5
0
0
0
0
0
0
0
10
2.5
0
1.5
9.5
2
0
0
0
0
0
0
0
0
0
0
0
0
30
0
0
0
0
0
0
0
0
0
0
-99
-99
-99
-99
-99
-99
-99
-99
-99
-99
-99
-99
-99
-99
-99
-99
-99
-99
-99
-99
0
0
0
0
0
0
0
2
0
0
0
0
0
0
0
0
0
0
0
0
0
0
0
0
25
0
36
26.5
37
42
0
0
0
0
27.5
1
1
24.5
0
0
0
0
0
0
0
0
0
0
0
0
0
0
0
0
0
0
0
0
0
0
0
0
0
0
0
0
0
0
0
0
0
0
0
0
0
1.5
4.5
3
0
0
0
90
4.3
0
11
0
0
0
0
0
0
1.5
10
0
0
0
10
5
0
14.5
0
0
2.5
0
1
1
0
22
10
8
6
0
11
0
0
0
0
0
0
0
0
-99
-99
-99
-99
-99
-99
-99
-99
-99
-99
-99
-99
-99
-99
-99
-99
-99
-99
-99
-99
-99
-99
-99
-99
-99
-99
-99
-99
-99
-99
-99
0
0
0
0
0
0
0
0
0
0
0
0
0
0
0
0
0
0
0
0
0
0
0
0
0
0
0
0
0
0
0
0
0
0
0
0
0
0
0
0
0
0
0
0
0
0
0
0
0
0
0
0
0
0
0
0
0
0
0
0
0
0
0
0
0
0
0
0
0
0
0
0
0
0
0
0
0
0
0
0
0
0
0
0
0
0
0
0
0
0
0
0
0
0
0
0
0
0
0
0
0
0
0
0
0
0
0
0
0
0
0
0
0
0
0
0
0
0
1
0
2
0
38
0
0
0
35
0
0
0
0
0
0
0
0
4
5
49
0
0
0
0
5
0
0
0
9
102
0
0
0
0
0
0
21
23
36
0
0
0
0
0
0
4
0
0
5
29
8
19
0
0
0
0
0
0
0
0
8.5
6
0
10
0
0
0
0
0
0
3
32.5
0
0
0
0
3
8
0
0
0
0
0
0
0
0
0
5.5
23
1.5
0
4
0
0.5
0
0
0
0
0
0
0
20
86
30
0
0
0
0
4
0
0
0
0
0
31
0
0
0
0
0
13
12
0
4.5
0
0
0
0
0
3
0
0
0
5
20.5
0
0
0
0
0
0
6.5
0
0
0
0
0
6
13
0
8
3
0
0
