19970101
-99
-99
-99
-99
-99
-99
-99
-99
-99
-99
-99
-99
-99
-99
-99
-99
-99
-99
-99
-99
-99
-99
-99
-99
-99
-99
-99
-99
-99
-99
-99
-99
-99
-99
-99
-99
-99
-99
-99
-99
-99
-99
-99
-99
-99
-99
-99
-99
-99
-99
-99
-99
-99
-99
-99
-99
-99
-99
-99
-99
-99
-99
-99
-99
-99
-99
-99
-99
-99
-99
-99
-99
-99
-99
-99
-99
-99
-99
-99
-99
-99
-99
-99
-99
-99
-99
-99
-99
-99
-99
-99
-99
-99
-99
-99
-99
-99
-99
-99
-99
-99
-99
-99
-99
-99
-99
-99
-99
-99
-99
-99
-99
-99
-99
-99
-99
-99
-99
-99
-99
-99
-99
-99
-99
-99
-99
-99
-99
-99
-99
-99
-99
-99
-99
-99
-99
-99
-99
-99
-99
-99
-99
-99
-99
-99
-99
-99
-99
-99
-99
-99
-99
-99
-99
-99
-99
-99
-99
-99
-99
-99
-99
-99
-99
-99
-99
-99
-99
-99
-99
-99
-99
-99
-99
-99
-99
-99
-99
-99
-99
-99
-99
-99
-99
-99
-99
-99
-99
-99
-99
-99
-99
-99
-99
-99
-99
-99
-99
-99
-99
-99
-99
-99
-99
-99
-99
-99
-99
-99
-99
-99
-99
-99
-99
-99
-99
-99
-99
-99
-99
-99
-99
-99
-99
-99
-99
-99
-99
-99
-99
-99
-99
-99
-99
-99
-99
-99
-99
-99
-99
-99
-99
-99
-99
-99
-99
-99
-99
-99
-99
-99
-99
-99
-99
-99
-99
-99
-99
-99
-99
-99
-99
-99
-99
-99
-99
-99
-99
-99
-99
-99
-99
-99
-99
-99
-99
-99
-99
-99
-99
-99
-99
-99
-99
-99
-99
-99
-99
-99
-99
-99
-99
-99
-99
-99
-99
-99
-99
-99
-99
-99
-99
-99
-99
-99
-99
-99
-99
-99
-99
-99
-99
-99
-99
-99
-99
-99
-99
-99
-99
-99
-99
-99
-99
-99
-99
-99
-99
-99
-99
-99
-99
-99
-99
-99
-99
-99
-99
-99
-99
-99
-99
-99
-99
-99
-99
-99
-99
-99
-99
-99
-99
-99
-99
-99
-99
-99
-99
-99
-99
-99
-99
-99
-99
-99
-99
-99
-99
-99
-99
-99
-99
-99
-99
-99
-99
-99
-99
-99
-99
-99
-99
-99
-99
-99
-99
-99
-99
-99
-99
-99
-99
-99
-99
-99
-99
-99
-99
-99
-99
-99
-99
-99
-99
-99
-99
-99
-99
-99
-99
-99
-99
-99
-99
-99
-99
-99
-99
-99
-99
-99
-99
-99
-99
-99
-99
-99
-99
-99
-99
-99
-99
-99
-99
-99
-99
-99
-99
-99
-99
-99
-99
-99
-99
-99
-99
-99
-99
-99
-99
-99
-99
-99
-99
-99
-99
-99
-99
-99
-99
-99
-99
-99
-99
-99
-99
-99
-99
-99
-99
-99
-99
-99
-99
-99
-99
-99
-99
-99
-99
-99
-99
-99
-99
-99
-99
-99
-99
-99
-99
-99
-99
-99
-99
-99
-99
-99
-99
-99
-99
-99
-99
-99
-99
-99
-99
-99
-99
-99
-99
-99
-99
-99
-99
-99
-99
-99
-99
-99
-99
-99
-99
-99
-99
-99
-99
-99
-99
-99
-99
-99
-99
-99
-99
-99
-99
-99
-99
-99
-99
-99
-99
-99
-99
-99
-99
-99
-99
-99
-99
-99
-99
-99
-99
-99
-99
-99
-99
-99
-99
-99
-99
-99
-99
-99
-99
-99
-99
-99
-99
-99
-99
-99
-99
-99
-99
-99
-99
-99
-99
-99
-99
-99
-99
-99
-99
-99
-99
-99
-99
-99
-99
-99
-99
-99
-99
-99
-99
-99
-99
-99
-99
-99
-99
-99
-99
-99
-99
-99
-99
-99
-99
-99
-99
-99
-99
-99
-99
-99
-99
-99
-99
-99
-99
-99
-99
-99
-99
-99
-99
-99
-99
-99
-99
-99
-99
-99
-99
-99
-99
-99
-99
-99
-99
-99
-99
-99
-99
-99
-99
-99
-99
-99
-99
-99
-99
-99
-99
-99
-99
-99
-99
-99
-99
-99
-99
-99
-99
-99
-99
-99
-99
-99
-99
-99
-99
-99
-99
-99
-99
-99
-99
-99
-99
-99
-99
-99
-99
-99
-99
-99
-99
-99
-99
-99
-99
-99
-99
-99
-99
-99
-99
-99
-99
-99
-99
-99
-99
-99
-99
-99
-99
-99
-99
-99
-99
-99
-99
-99
-99
-99
-99
-99
-99
-99
-99
-99
-99
-99
-99
-99
-99
-99
-99
-99
-99
-99
-99
-99
-99
-99
-99
-99
-99
-99
-99
-99
-99
-99
-99
4.3
0
0
3.8
0
0
0
0
0
0
0
0
0
3
1.2
9.6
0
0
9
0
0
0
0
0
0
0
0
4.6
14.4
0
0
0
0
0
0
0
0
0
0
0
0
0
0
0
0
0
0
0
0
0
0
7.5
0
0
2
0
0
0
6.8
1
0
0
0
0
0
0
0
0
0
0
4.4
0
0
0
1
0
0
3
4
1
0
0
0
0
0
0
0
0
0
0
0
0
0
0
0
0
0
0
0
0
0
0
0
0
0
0
0
0
0
0
0
0
0
0
0
0
0
0
0
0
0
0
0
0
0
0
0
0
0
0
0
0
0
0
0
0
0
0
0
0
0
0
0
0
0
0
0
0
0
0
0
0
0
0
0
0
0
0
0
0
0
0
0
0
0
0
0
0
0
0
0
0
0
0
0.4
1.8
0
0
0
0
0
0
0
0
0
0
0
0
0
0
0
0
0
0
0
1
0
0
0
0
0
0
0
0
0
0
0
0
0
0
0
0
0
0
0
0
0
0
0
0
0
0
0
0
0
0
0
0
0
0
0
0
0
0
0
0
0
0
0
0
0
0
0
0
0
0
0
0
0
0
0
0
0
0
0
0
0
0
0
0
0
0
0
0
0
0
0
0
0
0
0
0
0
0
0
0
0
0
0
1.5
0
0
0
0
2
0
0
0
0
0
0
63
0
0
0
0
0
0
0
0
0
0
0
0
0
0
0
0
0
0
0
1.5
0
0
0
0
17
0
0
0
0
0
0
7.8
2
0
0
8
0
1
0
0
0
0
0
0
0
0
0
0
0
0
0
0
0
0
0
0
3
31
39
0
0
0
0
0
0
0
0
0
2.5
0
0
4
0
6
3
0
0
0
2.5
0
6.5
6
0
0
0
0
0
0
0
0
14
0
0
0
0
0
12
17
0
0
0
0
0
0
0
0
0
0.4
0
0
0
0
0
0
0
0
0
0
0
0
0
0
0
0
0
0
0
0
0
0
0
0
0
0
0
0
3.5
17.5
0
0
0
0
0
0
0
0
0
0
0
0
0
0
2
10.6
0
0
0
0
0.5
0
0
0
0
0
0
5
0
0
0
0
0
0
0
0
0
0
0
0
0
4
0
0
2.5
0
0
0
0
0
0
0
0
0
0
0
0
0
0
0
0
0
0
0
0
0
0
0
0
0
0
0
0
0
0
0
0
0
0
0
0
0
0
0
0
0
0
0
0
0
0
0
0
0
0
0
0
0
0
0
0
0
0
0
0
0
0
0
0
0
0
0
0
0
0
0
0
0
0
0
0
0
0
0
0
0
0
0
0
0
0
0
0
0
0
0
0
0
0
0
0
0
0
0
0
0
0
0
0
0
0
0
0
0
0
0
0
0
0
0
0
0
0
0
0
0
0
0
0
0
0
0
0
0
0
0
0
0
0
0
0
0
0
0
0
0
0
0
0
0
0
0
0
0
0
0
0
0
0
0
0
0
0
0.5
13
24
18.5
0
0
0
0
0
0
0
0
0.5
1.3
0
0
0
0.9
0.3
0
0
0
6.2
0
0
0
0
0
0
0
0
0
0.2
0
0.2
6
16.5
1.2
0
0
0
0
0.6
0
0
0
0.3
18.5
8
0
0
0
0
0
0
5
7.2
14
18
3
0
16
2
0
0
0
0
3
13.5
1
0
14.3
0
1
0
0
0
0
0
0
13.5
19
0
0
0
0
0
0
0
0
0
0
0
0
0
0
12
0
0
0
5
13
0
18.5
0
0
0
0
0
0
0
0
0
0
0
0
0
6
13.5
8
0
0
3
7
0
0
8
0
0
1
0
0
0
0
0
0
0
0
0
0
0
0
0
0
8.5
3.5
12
0
0
0
0
14
0
0
0
0
0
0
0
0
16
35.2
2.7
0
0
0
0
0
0
0
0
0
0
3.7
19
0.5
7
0
0
0
0
0
0
0
0
0
0
0
0
0
0
0
2.5
1.5
0
0
0
0
0
3.5
1.2
0
1.6
0
0
0
0
0
0
0
0
0
0
0
0
0
0
0
0
0
0
0
0
0
0
0
0
0
0
0
0
0
0
0
0
0
0
0
0
0
0
0
0
0
0
0
0
0
0
0
0
0
0
0
0
0
0
0
0
0
0
0
0
0
0
0
0
0
0
0
0
0
0
0
0
0
0
0
0
0
0
0
0
0
0
0
0
0
0
0
0
0
0
0
0
0
0
0
0
0
0
0
0
0
0
0
0
0
0
0
0
0
0
0
0
0
0
0
0
0
0
0
0
0
0
0
0
0
0
0
0
0
0
0
0
0
0
0
0
0
0
0
0
0
0
0
0
0
0
0
1
0
0
0
0
0
0
0
0
0
0
0
0
0
0
0
0
0
0
0
0
0
0
0
0
0
6
6
0
0
0
0
0
0
0
0
0
0
1.5
0
0
0
0
0
0
0
0
0
0
11
0
0
0
0
1
0
0
0
0
0
0
0
39
0
0
35.2
0.5
0
0
6
0
0
0
0
0
0.5
0
0
0
0
26.5
2
0
0
0
0
0
0
0
0
0
8
9
0.7
1.5
5.9
27.5
0
10
24
1.5
2
0
7.8
13
0
0
0
0
0
0
0
0
0
0
26.5
1
0
0
0
12.3
11.5
2
0.7
0
0
0
0
0
0
0
0
0
0
23
3
7.2
24.3
0
0
0
9.8
23.2
0
0
0
0
0
0
0
0
1.5
0
0
0
0
0
0
0
0
0
0
0
0
0
0
0
0
27.3
18.5
8.5
5.7
1.5
16.4
0
0
0
0
0
0
12.4
13.7
0
0.5
0
1.7
7.8
0
2.7
1
0
0
10.4
9.5
8.6
4.1
3.6
0
3.4
1.5
11.9
46
0.3
4.2
4.5
0
0
0
0
0
0
0
0
0
6.5
1
5.8
0
0
0
0
0
0
0
0
0
0
0
0
0
0
0
0
0
0
0
0
0
0
0
0
0
0
0
0
0
0
0
0
0
0
0
0
0
0
0
0
0
0
0
0
0
0
0
0
0
0
0
0
0
0
0
0
0
0
0
0
0
0
0
0
0
0
0
0
0
0
0
0
0
0
0
0
0
0
0
0
0
0
0
0
0
0
0
0
0
0
0
0
0
0
0
0
0
0
0
0
0
0
0
0
0
0
0
0
0
0
0
0
0
0
0
0
0
0
0
0
0
0
0
0
0
0
0
0
0
0
0
0
0
0
0
0
0
0
0
0
0
0
0
0
0
0
0
0
0
0
0
0
0
0
0
0
0
0
0
0
0
0
0
0
0
0
13.4
7
0
0
0
0
0
0
0
0
0
0
14
2
32.2
7
0
0
0
21.9
0
0
0
0
0
11
0
0
0
0
0
0
0
0
0
0
0
0
10
14.6
0
0
0
0
15.8
0
0
0
0
0
0
0
0
11.7
9
13.8
16.1
0
0
0
0
1
5.2
3.4
11.6
8.3
0
0
4.6
10.6
0.6
0
0
0
0
0
0
0
5.5
13
0
0
0
0
0
0
0
0
0
3.4
15.2
0
0
3.4
0
9.8
19.9
0
0
0
0
0
17.1
4.7
0
0
0
0
0
3.7
2
0
0
0
0
0
3.6
0
12.2
3.1
3.5
13.4
0
3.1
0
8.8
0
0
0
0
30.2
3
2.8
0
0
0
0
0
0
2.2
10.2
0
0
0
0
0
18.6
0
0
0
6.7
0
0.7
0
0
0
0
0
1.6
45.7
11.7
0
0
0
0
0
0
0
0
0
0
0
1
0
0
0
0
0
0
3.5
0
5.7
0
0
3.8
6.2
0
0
0
0
5.6
6.9
0
0
0
0
0
0
0
0
0
0
0
0
0
0
0
0
0
0
0
0
0
0
0
0
0
0
0
0
0
1.4
0
0
2.8
2.3
0
0
0
0
0
0
0
0
0
0
0
0
0
0
0
0
0
0
0
0
0
0
0
0
0
0
0
0
0
0
0
0
0
0
0
0
0
0
0
0
0
0
0
0
0
0
0
0
0
0
0
0
0
0
0
0
0
0
0
0
0
0
0
0
0
0
0
0
0
0
0
0
0
0
0
0
0
0
0
0
0
0
0
0
0
0
0
0
0
0
0
0
0
0
0
0
0
0
0
0
0
0
0
0
0
0
0
0
0
0
0
0
0
0
0
0
0
0
0
0
0
0
0
0
0.2
1.8
0
0
0
0
0
0
0
0
0
0
0
0
0
0
0
0
0
0
0
0
0
0
1.9
0
0
16.6
0
0
0
0
0
0
0
0
0
2
9.3
58.2
0
0
0
0
0
0
0
0
0
0
0
0
0
0
0
16.6
16.4
41.9
3.7
0
2.5
17.7
3.1
0
44.4
0
0
0
0
0
0
0
0
0
19.4
1.1
15.1
0.6
0.4
0
0
19.7
0
0
0
28.8
0
0
0
0
0
2.6
13
0
3
0
22.6
0
0.5
0
0
10
40.5
1.9
3.7
0
0
0
0
0
0
0
6.6
5
4.6
23.7
0
12.8
0
0
0
0
17.7
0
0
0.5
5.1
10.2
0
0
0
3.4
0.5
1.7
0
0
1.5
0
0
0
0
0
0
0
0
0
0
0
0
0
0
0
0
0
0
0
0
0
0
0
0
0
0
0
0
0
0
0
8
1.4
0
0
0
0
0
0
0
0
0
0
12
0
0
2.7
15.9
0
0
0
0
0
0
0
3.9
0
0
0
0
1.7
0
0.9
8.4
0
0
13.4
13
0
0
0
0
0
2.4
0
24
19.7
0
0
2
0
0
0
0
0
0
0
0
1.5
0
0
0
0
0
0
0.7
0
0
0
0
0
0
0
0
0
0
0
0
0
0
0
0
0
0
0
0
0
0
0
0
0
0
0
0
0
0
0
0
0
0
0
0
0
0
0
0
0
0
0
0
0
0
0
0
0
0
0
0
0
0
0
0
0
0
0
0
0
0
0
0
0
0
0
0
0
0
0
0
0
0
0
0
0
0
0
0
0
0
0
0
0
0
0
0
0
0
0
0
0
0
0
0
0
0
0
0
0
0
0
0
0
0
0
0
0
0
0
0
0
0
0
0
0
0
0
0
0
0
0
0
0
0
0
0
0
0
0
0
0
0
0
0
0
0
0
0
0
0
0
0
0
0
0
0
0
0
0
0
0
0
0
0
0
0
0
0
0
0
0.8
2.2
16.8
0
0
0
6
0.9
5.6
19.2
0
0
0
0
0
0
21.2
30.3
0
0
0
0
17.1
0
0
0
0
1.4
0
0
0
0
0
0
0
0
0
11
9.8
0
0
12
6.4
0
0
0
1.2
0
0
8
0
0
0
0
23.8
9
0
0
0
0
0
0
0
5.6
0
0
7.6
3.4
0
0
13
4
2.3
0
0
0
0
0
0
14.9
0
0
5.8
13.8
7.6
7.3
0
0
0
0
0
0
0
1.7
0
10.2
1.4
12
29.6
6.8
23.1
0
0
0
0
0
0
0
0
0
0
0
9.7
9.3
0
0
0
1.5
0
0
7.7
0
0
34.2
27.4
0
0
1.7
11.3
50.6
69.9
0
0
0
0
0
0
0
0
0
0
0
0
0
0
0
0
0
0
0
3
0
0
0
0
0
0
0
0
0
0
0
0
0
0
8.2
14.8
0
0
0
1.5
0
0
0
0
22.5
5
0
0
0
0
2.9
3.4
0
1.8
0
0
0
0
0
0
0
0
0
0
0
0
0
0.9
0
0
0
0
0
0
0
0
0
0
0
0
0
0
0
0
0
0
0
0
0
0
0
0
0
0
0
0
0
0
0
0
0
0
0
0
0
0
0
0
0
0
0
0
0
0
0
0
0
0
0
0
0
0
0
0
0
0
0
0
0
0
0
0
0
0
0
0
0
0
0
0
0
0
0
0
0
0
0
0
0
0
0
0
0
0
0
0
0
0
0
0
0
0
0
0
0
0
0
0
0
0
0
0
0
0
0
0
0
0
0
0
0
0
0
0
0
0
0
0
0
0
0
0
0
0
0
0
0
0
0
0
0
0
0
0
0
0
0
0
0
0
0
0
0
0
0
0
0
0
0
0
0
0
0
0
0
0
0
0
0
0
0
0.2
0
0
0
0
1
0.8
0.5
0
0
0
0
0
0
0
0
0
0
18.5
20.4
0
0
0
0
0
0
0
0
0
0
0
0
0
0
0
0
0
0
0
0
0
0
0
0
0
0
0
0
16.3
20.8
0
0
0
0
15.3
12.2
8.5
8.6
0
0
0
0
0
0
1
0
0
0
0
0
18.1
13.9
0
0
24.2
0
2.3
0
0
0
0
1.2
0
0
9.5
0
0
5
6
38.1
2.5
0
0
0
0
0
8
68.3
43
0
0
5.1
1.4
8.6
0
0
0
0
9.2
30.3
9.9
2.1
0
0
0
0
7.7
0
0
0
0
1.2
1.8
0
0
0
0
0
0
0
0
0
0
0
0
0
0
0
0
0
0
0
0
0
0
0
0
0
0.5
0.6
1.2
20.5
0
0
0
18.2
12
0
0
6.2
3.5
0
0
0
0
10.2
0
0
0
0
0
3
0
0
0
0
0
0
18.5
19.9
4.9
0
0
0
0
0
0
4.7
17.6
0
0
0
0
1.3
0
0
0
0
0
0
0
0
0
0
0
0
0
0
0
0
0
0
0
0
0
0
0
0
0
0
0
0
0
0
0
0
0
0
0
0
0
0
0
0
0
0
0
0
0
0
0
0
0
0
0
0
0
0
0
0
0
0
0
0
0
0
0
0
0
0
0
0
0
0
0
0
0
0
0
0
0
0
0
0
0
0
0
0
0
0
0
0
0
0
0
0
0
0
0
0
0
0
0
0
0
0
0
0
0
0
0
0
0
0
0
0
0
0
0
0
0
0
0
0
0
0
0
0
0
0
0
0
0
0
0
0
0
0
0
0
0
0
0
0
0
0
0
0
0
0
0
0
0
0
0
0
0
1
1.2
0.6
9.8
16.7
7
0
0
0
0
0
2.3
4.8
6.1
4
14.4
0
0
10.6
9.6
16.5
17.5
11.6
0
0
1.7
34.7
4.9
7.5
0
0
0
0
1.6
0
0
0.9
0
0
2.3
3.9
0
0
0
0
0
0
0
0
0
0
0
0
3
0
0
0
13.5
7.5
0
0
6.5
0
0
0
0
0
21.7
0
0
0
0
0
12.6
0
0
0
8.5
2.5
0
0
0
0
0
0
0
0
3.5
1.7
7.7
2.5
0
0
3.4
6.3
0
0
0
0
0
0
0
2.2
11
0
0
0
0
0
0
0
0
2.6
0
0
2.7
51.4
7.2
10.5
11.9
2.7
0
2.5
0
0
0
12
0
26.2
0
0
1.2
0
0
12
0
0
0
6.7
8.5
0
0
8.5
0
0
0
2.5
0
0
0
0
0
0
0
0
0
6.7
13.7
2.7
0
0
0
0
0
0
11.9
12.5
31.2
0
0
0
0
1
0
0
0
0
0
0
0
0
6.2
14.9
0
0
23.2
19.5
0
0
0
0.5
0
0
0
0
0.5
7.8
1.3
6.8
0
6.3
0
0
0
0
0
0
0
0
0
0
0
0
0
0
0
0
1.6
1.2
1.4
0
0
0
0
0
0
0
0
0
0
0
0
0
0
0
0
0
0
0
0
0
0
0
0
0
0
0
0
0
0
0
0
0
0
0
0
0
0
0
0
0
0
0
0
0
0
0
0
0
0
0
0
0
0
0
0
0
0
0
0
0
0
0
0
0
0
0
0
0
0
0
0
0
0
0
0
0
0
0
0
0
0
0
0
0
0
0
0
0
0
0
0
0
0
0
0
0
0
0
0
0
0
0
0
0
0
0
0
0
0
0
0
0
0
0
0
0
0
0
0
0
0
0
0
0
0
0
0
0
0
0
0
0
0
0
0
0
0
0
0
1.2
0
0.7
0
0
0
0
0
0
0
0
0
0
0
0
0
0
0
0
0
0
0
0
0
0
0
0
0
0
0
0
0
0
0
0
0
0
0
0
0
0
0
0
0
0
2.4
0
0
0
0
0
0
0
0
0
0
0
7.5
4.9
0
0
2.6
27.9
5.7
0
0
0
0
0
0
0
0
0
0
0
8
0
0
0
0
0
0
0
0
0
0
0
0
4.4
4.8
0
0
7.5
0
0
1.5
0
31.4
1.2
0
0
0
0
0
0
0
0
0
0
3.9
12.4
0
7.9
6.2
0
0
1.5
22.5
0
0
0
0
0
0
0
0
0
0
1.7
0
0
1.4
10.8
0
0
1.4
6.8
0
0
0
0
0
0
11.2
19.9
0
0
0
0
0
2.3
0
0
0
0
0
0
2.6
0
0
5.2
0
0
0
0.4
0
0
0
0
0
0
0
0
0
0
0
0
0
0
0
0
0
0
0
0
6.7
3.2
0
0.7
0
0
0
0
0
0
0
0
0
0
0
0
0
0
0
0
0
0.4
11.2
3.4
0
0
0
0
1.3
0
0
0
0
0
0
0
0.5
0
0
0.3
0
0
0
0
0
0
0
0
0
0
0
0
0
0
0.6
0
0
0
0
0
0
0
0
0
0
0
0
0
0
0
0
0
0
0
0
0
0
0
0
0
0
0
0
0
0
0
0
0
0
0
0
0
0
0
0
0
0
0
0
0
0
0
0
0
2.4
0
0
0
0
0
0
0
0
0
0
0
0
0
0
0
0
0
0
0
0
0
0
0
0
0
0
0
0
0
0
0
0
0
0
1.2
0
0
0
0
0
0
0
0
0
0
0
0
1.7
1.2
9.7
12
0
0
0
0
0
0
0
0
0
0
0
0
0
0
0
0
0
0
0
0
0
0
0
0
0
0
0
0
0
0
0
0
0
0
0
0
0
0
0.7
0
0
0
0
0
0
29.5
3.7
0
1.3
2
8.9
17.9
0
0
0
0
0
0
0
0
0
0
0
0
0.5
0
0
0
0
0
0
0
7.9
3.8
7.8
10.2
0
0
0
0
26.5
0
0
0
0
0
0
0
0
0
0
0
0
0
0
0
0
0
0
0
0
0
0
0
0.3
18.3
0
0
0
0
0
1
1.6
0
0
0
0
0
0
0
0
1.4
0
21.8
1.7
0
0
0
0
0
0
2.7
0
1.3
1.8
0
0
0
0
0
0
0.7
1.6
2.3
0
0
0
0
0
6.6
0
3.3
0.7
39.7
1.8
0
0
0.9
0
0
2.3
0
0
0
1.2
0
0
0
0
0
0.4
0
0.5
0
0.7
1.2
0
0
0
0
14.2
0
0
0
4.8
0
0
0
0
0
0
0.8
0
0
0
0
0
0
0
0
11.5
12.7
0
0
0
2.1
8.9
23.7
0.9
11.9
0
4.5
0.9
5
1.8
0
0
0
0
1.2
0
0
0
0
0
0.3
0
0.5
0
0
0.7
0
0
0
0
0
3.8
2.4
0
0
0
0
0
0
0
0
0.5
0
0
0
0
0
0
0
0
0
0
0
0
0
0
0
0
0
0
0
0
0
0
0
0
0
0
0
0
0
0
0
0
0
0
0
0
0
0
0
0
0
0
0
0
0
0
0
0
0
0
0
0
0
0
0
0
0
0
0
0
0
0
0
0
0
0
0
0
0
0
0
0
0
0
0
0
0
0
0
0
0
0
0
0
0
0
0
0
0
0
0
0
0
0
0
0
0
0
0
0
0
0
0
0
0.4
0
0
0
0
0
0
0
0
0
0
0
0
0
0
0
0
0
0
0
0
0
23.7
0
0
0
0
2.4
0
0
0
0
0
0
0
0
0
0
0
0
0
0
0
0
0
0
0
0
0
0
0
0
0
0
0
0
14.4
14.2
14
0
0
21.7
7.2
5
18
1.4
24.6
1.3
0
0
0
0
0
0
0
0
0
0
2
0
1.5
22.9
4.7
9.9
0
0
1.5
0
0
9.7
3.2
0
2.5
1.8
0
0
0
0
0
0
7.8
1.5
0
2
0
0
0
2.4
0
0
0
9.9
6.9
0
0
0
0
0
0
0
0
0
0
0
1.2
17.2
1.7
0
0
0
0
0
0
0
0
0
0
0
0
0
4
4.5
0
0
1.1
8.3
32.7
0
0
0
5.6
9.3
0
0
0
0
4.6
1
0
2.6
10.2
3.2
3.5
6.2
0
0
0
0
0
0
0
0
0
2.2
0
1.8
10
0
0
0
0
0
25.7
16.5
13.5
14.2
7
0
1.7
0
0
0
0
0
0
0
0
0
0
0
0
0
0
3
0
0
0
0
0
0
3.8
8.1
0
0
0
15.2
0
0
0
0
0
5.3
0
8.5
0
0
0
0
26.5
0
0
0
32.5
5.7
0
0
0
0
20.6
0
0
0
0
0.8
5
0
0.5
32
20.3
0
0
0
0
0
0
0
0
0
0
15.8
1
0
0
0
0
0
0
0
0
0
0
0
0
0
0
0
0
0
0
0
0
0
0
0
0
0
0
0
0
0
0
0
0
0
0
0
0
1.3
0
0
0
0
0
0
0
0
0
0
0
0
0
0
0
0
0
0
0
0
0
0
0
0
0
0
0
0
0
0
0
0
0
0
0
0
0
0
0
0
0
0
4.2
0
0
0
0
0
0
0
0
0
0
0
0
0
0
0
0
0
0
0
0
0
0
0
0
0
0
0
0
0
0
0
0
0
0
0
0
0
0
0
0
0
0
0
0
0
0
0
0
0
0
0
0
0
0
0
0
0
0
0
0
0
0
0
0
0
0
0
0
0.5
0
0
0
0
0
0
0
0
0
0
0
0
0
0
0
0
0
0
0
0
0
3.5
0.7
0
0
0
0
0
0
0
0
0
0
0
0
0
0
0
0
0
0
0
0
0
0
0
0
0
0
0
0
0
0
0
0
0
0
0
0
0
0
9
32
0
0
0
0
5
1
0
0
0
0
0
0
0
0
0
0
0
6
9.5
0
0
3.7
0
0
0
0
2.3
0
0
0
0
0
20.5
7.7
0
0
0
0
0
0
0
0
0
34.2
0
0
8.5
31
20
1
13.5
8.3
0
4.2
0
0
5.7
0
0
5
0
0
0
0
0
4.5
0
0
0
0
2.4
0
0
0
0
3.5
0
0
0
0
0
0
0
0
2
7
2.5
1
0
2
0
0
3
0
0
0
0
0
0
9
0
12.7
14.5
0
0
0
0
0
0
0
0
0
0
4.5
0
0
0
0
0
0
3.5
0
0
0
0
0
0
0
12.5
28
0
0
2
11.5
0
0
0
13
34
0.5
0
0
0
0
2
0
6
0
0
0
0
0
0
7.5
0
0
0
0
0
0
0
0
0
0
0
0
0
0
0
0
0
0
0
0
0
0
0
0
0
0
0
0
0
0
0
0
0
0
0
0
0
0
0
0
0
0
0
0
0
0
0
0
0
0
0
0
0
0
0
0
0
0
0
0
0
0
0
0
0
0
0
0
0
0
0
0
0
0
0
0
0
0
0
0
0
0
0
0
0
0
0
0
0
0
0
0
0
0
0
0
0
0
0
0
0
0
0
0
0
0
0
0
0
0
0
0
0
0
0
0
0
0
0
0
0
0
0
0
0
0
0
0
0
0
0
0
0
0
0
0
0
0
0
0
0
0
0
0
0
0
0
0
0
0
0
0
0
0
0
0
0
0
0
0
0
1.3
11
4.5
2
22.7
8
0
0
0
0
0
0
2
0
0
0
0
0
0
0
0
0
0
4.2
0
0
1.5
0
0
0
0
3.5
0
0
0
0
0
0
0
0
0
0
0
0
0
0
0
0
0
0
0
0
0
0
0
0
0
0
0
0
0
1.6
0
0
0
0
0
8.7
3.7
3.8
0
0
0
0
0
0
0
0
0
0
0
0
0
0
0
0
0
8.4
0
0
0
0
0
4.8
0
0.5
0
0
8.1
7.8
19.5
0
0
0
0
0.3
4.7
0
0
0
0
0
0
4
14.5
0
9.5
1.6
0
0
0
0
0
0
1.2
0
0
0
0
29
16
0
16.5
0
0
0
0
0
0
0
0
0
0
0
3.5
0
0
0
0
0
0
0
0
0
4.5
13.5
0
10.2
0
0
0
4
0.5
0
0
0
0
0
0
0
12.5
15
13.5
8
0
9
0
0
0
0
0
0
0
0
0
0
0
0
0
0
0
0
12
0
0
0
0
0
0
0
0
0
0
0
0
0
0
0
0
0
0
0
0
0
0
0
0
0
0
0
0
0
0
0
0
0
0
0
0
0
0
0
0
0
0
0
0
0
0
0
0
0
0
0
0
0
0
0
0
0
0
0
0
0
0
0
0
0
0
0
0
0
0
0
0
0
0
0
0
0
0
0
0
0
0
0
0
0
0
0
0
0
0
0
0
0
0
0
0
0
0
0
0
0
0
0
0
0
0
0
0
0
0
0
0
0
0
0
0
0
0
0
0
0
0
0
0
0
0
0
0
0
0
0
0
0
0
0
0
0
0
0
0
0
0
0
0
0
0
0
0
0
0
0
0
0
0
0
0
0
0
0
0
0
0
0
0
0
0
0
1.2
4.3
0
0
0
0
0
4
12.5
0
0
0
0
0
0
0
0
2
0
0
0
0
0
7.5
24
14.5
0
0
0
0
0
13
2
0
2
3.5
16
0
4
0
0
0
0
0
0
0
0
1
0
0
3
2
0
15.9
0
0
0
0
0
0
0
0
0
10.7
0
0
0
2.5
17
0
0
0
0
0
0
0
0
0
0
0
0.5
0
2.5
8
17
2.5
0
0
0
0
0
0
0
0
0
0
0
0
0
0
1.7
1.5
11
60
0
5
17
6.7
7
0
0
0
5
0
0
0
0
0
0
0
0
0
0
0
0
0
0
0
13.8
0
0
0
0
0
0
0
0
0
1.5
0
0
0
0
0
0
0
0
0
0
0
0
0
0
0
0
0
0
0
0
0
0
0
0
0
0
0
0
0
0
12.5
0
0
0
0
0
0
0.3
0
0
0
0
0
0
0
0
0
0.5
0
0
0
0
0
0
0
0
9
36
10
3
0
7
0
0
0
0
0
0.3
0
0
0
0
0
0
2.2
3
1
0
0
0
0
0
0
0
0
0
0
0
0
0
0
0
0
0
0
0
0
0
0
0
0
0
0
0
0
0
0
0
0
0
0
0
0
0
0
0
0
0
0
0
0
0
0
0
0
0
0
0
0
0
0
0
0
0
0
0
0
0
0
0
0
0
0
0
0
0
0
0
0
0
0
0
0
0
0
0
0
0
0
0
0
0
0
0
0
0
0
0
0
0
0
0
0
0
0
0
0
0
0
0
0
0
0
0
0
0
0
0
0
0
0
0
0
0
0
0
0
0
0
0
0
0
0
0
0
0
0
0
0
0
0
0
0
0
0
0
0
0
0
0
0
0
0
0
0
0
0
0
0
0
0
0
0
0
2.5
0
0
0
0
0
23
9.5
0
0
0
0
11
3.5
1
6
2.5
6
0
0
0
0
0
0
42
0
0
0
0
0
0
0
0
0.5
0
0
0
0
7.5
38
9
0
0
4.5
0
0
0.5
19
1
0
0
0
0
12
0
0
0
0
0
0
0
0
0
0
0
7
17
0
0
0
9
3.5
0
0
0
0
10.5
0
0
0
0
0
3.5
17.5
0
0
0
0
0
0
0
0
22
39
3.5
0
0
0
0
10
5
3
0
0
0
0
0
0
0
0
0
0
3
28.5
0
0
0
0
0
0
0
0
0
0
0
0
0
0
4.5
1
0
0
0
6
11
15
23
24.5
10
3
0
0
0
7.7
0
0
0
0
0
0
0
0
0
0
7.5
0
0
27
4.5
0
0
0
0
0
12
0
0
1
0
7
0
0
0
0
0
0
0
0.7
0
0
0
0
5.5
0
14
0
0
0
0
0
0
0
0
0
0
0
0
0
0
0
0
0
0
0
0
0
0
0
0
0
0
0
0
0
0
0
0
0
0
0
0
0
0
0
0
0
0
0
0
0
0
0
0
0
0
0
0
0
0
0
0
0
0
0
0
0
0
0
0
0
0
0
0
0
0
0
0
0
0
0
0
0
0
0
0
0
0
0
0
0
0
0
0
0
0
0
0
0
0
0
0
0
0
0
0
0
0
0
0
0
0
0
0
0
0
0
15
0
0
0
0
0
0
0
0
0
0
0
0
0
0
0
0
0
0
0
0
0
0
0
0
0
0
0
0
0
0
0
0
0
0
0
0
0
0
0
0
0
0
0
0
0
0
0
0
0
0
0
0
0
0
4
0
1.5
17
25
0
0
10
32
0
0
0
0
0
0
3
0
5
22
0
18.5
14
0
0
0
0
0
0
0
0
0
0
0
0
0
0
26.5
0
0
2.5
21
0
8.5
41.5
3.5
0
0
0
0
0
0
0
0
0
0
0
0
0
2.5
0
0
0
0
0
21
0
0
0
1
1
0
10
2
0
0
1.5
0.5
0
0
0
0
0
0
0
0
0
11
0
5
0
0
0
0
0
0
4
0
0
0
0
0
0
0
0
0
0
0
0
2.7
12.5
10.5
0
0
0
0
0
0
0
0
0
0
0
0.7
0
0
0.5
0
0
0
0
27.7
0
9.2
0
0
6.8
0
0
0
0
0
1.2
0
0
0
0
1.3
0
0
0
2.7
0
0
0
0
6.2
0
19
0
13.7
6.2
0
1.2
0
0
0
13.2
4.5
0
0
0
0
0
0
0
0
0
0
0
0
17.5
0
0
0
0
0
0
0
0
0
0
0
0
0
0
0
0
0
0
0
0
0
0
0
6.2
0
0
0
0
1
0
0
0
0
0
0
0
0
0
0
0
0
0
0
0
0
0
0
0
0
0
0
0
0
0
0
0
0
0
0
0
0
0
0
0
0
0
0
0
0
0
0
0
0
0
0
0
0
0
0
0
0
0
0
0
0
0
0
0
0
0
0
0
0
0
0
0
0
0
0
0
0
0
0
0
0
0
0
0
0
0
0
0
0
0
0
0
0
0
0
0
0
0
0
0
0
0
0
0
0
0
0
0
0
0
0
0
0
0
0
0
0
2.2
0
0
0
0
0
0
0
0
0
0
0
0
2.7
0
0
0
0
0
0
0
0
0
0
0
0
0
0
0
0
0
0
0
0
0
0
0
1.2
0
0
0
0
0
0
0
0
0
0
0
0
0
0
4.2
0
0
0
0
12.2
60.5
109
17.2
0
0
0
0
0
13
11.5
0
0
0
49
5.5
0
0
0
0
0
0
22
0
0
0
0
0
0
0
0
0
0
0
0
7.5
29.8
9
0
0
6.7
0
0
0
0
0
0
0
52
6
0
0
7
0
0
0
0
0
2
0
0
0
22.5
0
0
0
10
0
0
0
0
0
0
11.2
18.5
1.7
0
0
0
0
0
0
0
0
3
0
0
3
39
0
1.5
12.5
0
11
0
0
0
0
0
0
0
0
0
2.5
4
0
7.5
0
0
0
0
0
0
0
0
0
0
0
0
40
0
0
0
0
2.5
0
0
0
0
7
0
0
0
0
0
0
0
0
0
3.5
23
0
26.5
7
0
0
0
0
0
0
0
0
26
4.5
18.5
0
0
0
0
0
0
0
0.5
0
0
0
0
7
67
47
22.5
17.5
0
0
0
0
0
0
0
0
0
0
0
0
0
8
3
0
0
0
0
0
15
0
0
0
0
0
3.2
0
0
0
0
0
0
0
0
0
0
0
0
0
0
0
0
0
0
0
0
0
0
0
0
0
0
0
0
0
0
0
0
0
0
0
0
0
0
0
0
0
0
0
0
0
0
0
0
0
0
0
0
0
0
0
0
0
0
0
0
0
0
0
0
0
0
0
0
0
0
0
0
0
0
0
0
0
0
0
0
0
0
0
0
0
0
0
0
0
0
0
0
0
0
0
0
0
0
0
0
0
0
0
0
0
0
0
0
0
0
0
0
0
0
0
0
0
0
0
0
0
0
0
0
0
0
0
0
0
0
0
0
0
0
0
0
0
0
0
0
0
0
0
0
0
0
0
0
0
0
0
0
0
0
0
0
0
0
0
0
0
0
0
0
0
0
0
0
0
0
0
0
0
2
0
0
0
0
0
0
0
0
0
0
0
0
0
0
0
0
0
0
0
0
0
0
0
0
0
0
0
0
22.2
12
0
0
4.5
0
0
0
0
0
0
0
0
0
8.5
0
0
0
0
0
0
0
0
23.5
38.5
0
5.5
0
0
0
0
0
0
0
0
0
0
0
0
2
0
0
0
0
0
3.5
4.5
0
0
0
0
0
7.5
0
0
0
0
58.5
17
5
0
0
0
2
0
0
0
0
0
0
3.2
0
0
0
25
0
1.5
2.5
7
0
0
0
0
0
0
0
0
0
0
0
0
0
0
6.2
1
0
0
0
0
0
0
1
2.2
0
0
11
0
0
23
37
0
0
0
5.2
0
0
0
0
0
0
0
9.7
0
0
0
0
2
2.7
0
0
0
0
0
0
0
0
0
0
0
0
0
0
0
0
0
0
0
0
0
0
0
0
0
0
0
0
0
0
0
0
0
0
0
0
0
0
0
0
0
0
0
0
0
0
0
0
0
0
0
0
0
0
0
0
0
0
0
0
0
0
0
0
0
0
0
0
0
0
0
0
0
0
0
0
0
0
0
0
0
0
0
0
0
0
0
0
0
0
0
0
0
0
0
0
0
0
0
0
0
0
0
0
0
0
0
0
0
0
0
0
0
0
0
0
0
0
0
0
0
0
0
0
0
0
0
0
0
0
0
0
0.3
0
0
0
0
0
0
0
0
0
0
0
0
0
0
0
0
0
0
0
0
0
0
0
0
0
0
0
0
0
0
0
0
0
0
0
0
0
0
0
0
0
0
0
0.6
0
0
0
4
2.2
0
0
0
0
0
0
0
0
0
0
0
0
0
0
0
26.5
17
3
0
0
0
0
0
0
0
0
0
0
0
0
0
9.5
0
0
0
0
0
0
0
0
0
0
0
0
0
0
0
0
0
2.5
0.5
0
0
0
0
0
0
9.8
3
0
2.8
3.5
2
0
0
0
0
0
0
0
0
0
0
0
6
16
0
0
0
0
0
0
0
0
0
0
-99
-99
-99
-99
-99
-99
-99
-99
-99
-99
-99
-99
-99
-99
-99
-99
-99
-99
-99
-99
0
0
0
0
0
0
1
4.5
0
0
0
0
0
0
0
0
0
0
0
0
0
0
0
0
25
0
31.5
23.5
49
33.5
0
0
0
5
23.5
3.5
0
21.5
0
0
0
0
0
0
0
0
0
0
0
0
0
0
0
0
0
0
0
0
0
0
0
0
0
0
0
0
0
0
2.5
0
0
0
0
0
0
0
2
5
0
0
0
67.5
8
0
0
4.5
0
0
0
0
0
8.5
10
0
0
0
15.5
6.5
9.5
19
0
0
13
0
0
1
3.5
22.5
10
4.5
7.5
3.5
1
2
0
0
0
0
0
0
0
0
0
0
0
0
0
0
0
0
0
0
0
0
0
0
0
0
0
0
0
0
0
0
0
0
0
0
0
0
0
0
0
0
0
0
0
0
0
0
0
0
0
0
0
0
0
0
0
0
0
0
0
0
0
0
0
0
0
0
0
0
0
0
0
0
0
0
0
0
0
0
0
0
0
0
0
0
0
0
0
0
0
0
0
0
0
0
0
0
0
0
0
0
0
0
0
0
0
0
0
0
0
0
0
0
0
0
0
0
0
0
0
0
0
0
0
0
0
0
0
0
0
0
0
0
0
0
0
0
0
0
0
0
0
0
0
0
0
0
0
0
0
0
0
0
2
0
0
0
0
4
2.5
0
42.5
0
0
0
30.7
0
0
0
0
0
0
0
0
2.5
1
46.5
0
0
2
0.5
13.5
0
0
0.5
8
77
0
0
0
0
0
0
17
16.5
38
0
0
0
0
0.5
0
0
3
0
0.5
20.7
4.2
11.2
1.5
0
0
0
0
0
0
0
15.2
4.8
0
14
0
0
0
0
0
0
3.5
28.5
0
0
0
0
3.2
12.5
0
0
0
0
0
0
0
0
0
3.5
17
1
0
6.5
0
5
0
0
0
0
0
0
0
0
47
41
0
0
0
0
0
0
0
0
0
0
19
7
0
0
0
0
13.5
6.5
0
4
3
0
0
0
0
4
0
0
5
12.5
21
0
0
0
0
0
0
17.8
0
0
0
0
0
5
10
0
5.5
7
0
0
